expfile,m,n,k
exp_dgemm_c.csv,775,8970,720
exp_dgemm_c.csv,1459,4731,821
exp_dgemm_c.csv,1744,978,4493
exp_dgemm_c.csv,743,1386,9703
exp_dgemm_c.csv,535,1202,5696
exp_dgemm_c.csv,1415,2749,259
exp_dgemm_c.csv,1373,5486,1284
exp_dgemm_c.csv,775,720,8970
exp_dgemm_c.csv,821,4731,1459
exp_dgemm_c.csv,2128,2883,706
exp_dgemm_c.csv,1406,406,8168
exp_dgemm_c.csv,3637,5656,340
exp_dgemm_c.csv,1492,2613,771
exp_dgemm_c.csv,609,2792,981
exp_dgemm_c.csv,1584,608,3121
exp_dgemm_c.csv,6848,275,1237
exp_dgemm_c.csv,411,7121,2050
exp_dgemm_c.csv,945,774,13661
exp_dgemm_c.csv,1237,6848,275
exp_dgemm_c.csv,370,1131,4780
exp_dgemm_c.csv,930,10068,321
exp_dgemm_c.csv,945,13661,774
exp_dgemm_c.csv,4731,821,1459
exp_dgemm_c.csv,3257,1276,1683
exp_dgemm_c.csv,2945,418,6225
exp_dgemm_c.csv,1237,275,6848
exp_dgemm_c.csv,6702,1291,733
exp_dgemm_c.csv,393,241,10636
exp_dgemm_c.csv,5206,4976,129
exp_dgemm_c.csv,1947,199,6894
exp_dgemm_c.csv,429,7297,2448
exp_dgemm_c.csv,199,1947,6894
exp_dgemm_c.csv,4119,1739,1350
exp_dgemm_c.csv,606,1367,11674
exp_dgemm_c.csv,1018,815,10033
exp_dgemm_c.csv,1696,1214,3237
exp_dgemm_c.csv,3237,1214,1696
exp_dgemm_c.csv,8053,4757,235
exp_dgemm_c.csv,2330,2210,649
exp_dgemm_c.csv,1918,350,12401
exp_dgemm_c.csv,3,3,3
exp_dgemm_c.csv,1470,4234,1393
exp_dgemm_c.csv,2792,609,981
exp_dgemm_c.csv,1476,3490,711
exp_dgemm_c.csv,1454,3943,873
exp_dgemm_c.csv,727,893,8728
exp_dgemm_c.csv,8168,406,1406
exp_dgemm_c.csv,1424,2318,2827
exp_dgemm_c.csv,2829,7084,349
exp_dgemm_c.csv,1665,5760,904
exp_dgemm_c.csv,2050,411,7121
exp_dgemm_c.csv,349,7084,2829
exp_dgemm_c.csv,1458,1806,2279
exp_dgemm_c.csv,3490,711,1476
exp_dgemm_c.csv,4976,129,5206
exp_dgemm_c.csv,1744,4493,978
exp_dgemm_c.csv,1505,611,5806
exp_dgemm_c.csv,12117,119,3703
exp_dgemm_c.csv,5813,223,1031
exp_dgemm_c.csv,1333,612,11035
exp_dgemm_c.csv,9297,80,1797
exp_dgemm_c.csv,8007,234,4805
exp_dgemm_c.csv,11986,663,798
exp_dgemm_c.csv,1872,1153,2938
exp_dgemm_c.csv,355,2731,2063
exp_dgemm_c.csv,2448,7297,429
exp_dgemm_c.csv,614,3199,1186
exp_dgemm_c.csv,2303,2149,2019
exp_dgemm_c.csv,4371,4389,243
exp_dgemm_c.csv,4435,88,5969
exp_dgemm_c.csv,2189,4806,887
exp_dgemm_c.csv,707,882,6428
exp_dgemm_c.csv,951,325,5397
exp_dgemm_c.csv,502,3157,415
exp_dgemm_c.csv,2765,1224,2562
exp_dgemm_c.csv,893,727,8728
exp_dgemm_c.csv,1393,1470,4234
exp_dgemm_c.csv,919,3450,2311
exp_dgemm_c.csv,2330,649,2210
exp_dgemm_c.csv,711,3490,1476
exp_dgemm_c.csv,818,4407,1112
exp_dgemm_c.csv,1203,1580,703
exp_dgemm_c.csv,406,8168,1406
exp_dgemm_c.csv,612,1333,11035
exp_dgemm_c.csv,5162,259,492
exp_dgemm_c.csv,289,3895,895
exp_dgemm_c.csv,101,2025,1646
exp_dgemm_c.csv,596,5892,475
exp_dgemm_c.csv,321,930,10068
exp_dgemm_c.csv,3941,1803,938
exp_dgemm_c.csv,5003,1271,681
exp_dgemm_c.csv,3895,895,289
exp_dgemm_c.csv,1284,5486,1373
exp_dgemm_c.csv,882,6428,707
exp_dgemm_c.csv,3943,1454,873
exp_dgemm_c.csv,978,1744,4493
exp_dgemm_c.csv,1202,5696,535
exp_dgemm_c.csv,4757,8053,235
exp_dgemm_c.csv,13661,774,945
exp_dgemm_c.csv,415,502,3157
exp_dgemm_c.csv,895,3895,289
exp_dgemm_c.csv,80,9297,1797
exp_dgemm_c.csv,3361,98,12169
exp_dgemm_c.csv,2731,355,2063
exp_dgemm_c.csv,2562,1224,2765
exp_dgemm_c.csv,2226,1767,1101
exp_dgemm_c.csv,681,1271,5003
exp_dgemm_c.csv,1820,2074,2121
exp_dgemm_c.csv,727,8728,893
exp_dgemm_c.csv,2613,771,1492
exp_dgemm_c.csv,916,9024,242
exp_dgemm_c.csv,2702,1840,1074
exp_dgemm_c.csv,12401,1918,350
exp_dgemm_c.csv,2883,706,2128
exp_dgemm_c.csv,2829,349,7084
exp_dgemm_c.csv,243,4371,4389
exp_dgemm_c.csv,3463,780,1853
exp_dgemm_c.csv,3941,938,1803
exp_dgemm_c.csv,1186,3199,614
exp_dgemm_c.csv,234,4805,8007
exp_dgemm_c.csv,80,1797,9297
exp_dgemm_c.csv,98,12169,3361
exp_dgemm_c.csv,3490,1476,711
exp_dgemm_c.csv,456,5162,143
exp_dgemm_c.csv,1113,2363,2786
exp_dgemm_c.csv,811,720,13709
exp_dgemm_c.csv,4435,5969,88
exp_dgemm_c.csv,1853,780,3463
exp_dgemm_c.csv,2792,981,609
exp_dgemm_c.csv,9890,163,408
exp_dgemm_c.csv,5696,535,1202
exp_dgemm_c.csv,2311,3450,919
exp_dgemm_c.csv,1,1,1
exp_dgemm_c.csv,720,811,13709
exp_dgemm_c.csv,5696,1202,535
exp_dgemm_c.csv,119,12117,3703
exp_dgemm_c.csv,325,951,5397
exp_dgemm_c.csv,1291,733,6702
exp_dgemm_c.csv,733,1291,6702
exp_dgemm_c.csv,3450,2311,919
exp_dgemm_c.csv,259,1415,2749
exp_dgemm_c.csv,11201,344,1210
exp_dgemm_c.csv,408,9890,163
exp_dgemm_c.csv,1186,614,3199
exp_dgemm_c.csv,3703,119,12117
exp_dgemm_c.csv,163,408,9890
exp_dgemm_c.csv,938,3941,1803
exp_dgemm_c.csv,179,565,3328
exp_dgemm_c.csv,1739,1350,4119
exp_dgemm_c.csv,720,775,8970
exp_dgemm_c.csv,815,10033,1018
exp_dgemm_c.csv,243,4389,4371
exp_dgemm_c.csv,1018,10033,815
exp_dgemm_c.csv,1210,11201,344
exp_dgemm_c.csv,2303,2019,2149
exp_dgemm_c.csv,4805,234,8007
exp_dgemm_c.csv,2539,5871,626
exp_dgemm_c.csv,2883,2128,706
exp_dgemm_c.csv,3121,608,1584
exp_dgemm_c.csv,4846,199,2770
exp_dgemm_c.csv,3385,3567,663
exp_dgemm_c.csv,1131,1412,2294
exp_dgemm_c.csv,129,5206,4976
exp_dgemm_c.csv,1328,1637,2760
exp_dgemm_c.csv,12169,98,3361
exp_dgemm_c.csv,1749,2437,784
exp_dgemm_c.csv,3796,1306,1679
exp_dgemm_c.csv,11986,798,663
exp_dgemm_c.csv,3157,415,502
exp_dgemm_c.csv,1224,2562,2765
exp_dgemm_c.csv,1739,4119,1350
exp_dgemm_c.csv,5486,1284,1373
exp_dgemm_c.csv,1131,2294,1412
exp_dgemm_c.csv,1271,5003,681
exp_dgemm_c.csv,475,5892,596
exp_dgemm_c.csv,8007,4805,234
exp_dgemm_c.csv,720,13709,811
exp_dgemm_c.csv,4359,516,2519
exp_dgemm_c.csv,4757,235,8053
exp_dgemm_c.csv,938,1803,3941
exp_dgemm_c.csv,1386,9703,743
exp_dgemm_c.csv,1203,703,1580
exp_dgemm_c.csv,1637,2760,1328
exp_dgemm_c.csv,370,4780,1131
exp_dgemm_c.csv,1797,80,9297
exp_dgemm_c.csv,114,6924,9281
exp_dgemm_c.csv,2945,6225,418
exp_dgemm_c.csv,1476,711,3490
exp_dgemm_c.csv,895,289,3895
exp_dgemm_c.csv,143,5162,456
exp_dgemm_c.csv,1458,2279,1806
exp_dgemm_c.csv,259,5162,492
exp_dgemm_c.csv,101,1646,2025
exp_dgemm_c.csv,3237,1696,1214
exp_dgemm_c.csv,8970,720,775
exp_dgemm_c.csv,3328,565,179
exp_dgemm_c.csv,981,2792,609
exp_dgemm_c.csv,3450,919,2311
exp_dgemm_c.csv,2121,2074,1820
exp_dgemm_c.csv,626,5871,2539
exp_dgemm_c.csv,2279,1806,1458
exp_dgemm_c.csv,706,2128,2883
exp_dgemm_c.csv,611,5806,1505
exp_dgemm_c.csv,408,163,9890
exp_dgemm_c.csv,4493,978,1744
exp_dgemm_c.csv,5969,88,4435
exp_dgemm_c.csv,2294,1131,1412
exp_dgemm_c.csv,1415,259,2749
exp_dgemm_c.csv,794,3440,978
exp_dgemm_c.csv,4805,8007,234
exp_dgemm_c.csv,3703,12117,119
exp_dgemm_c.csv,2938,1872,1153
exp_dgemm_c.csv,8053,235,4757
exp_dgemm_c.csv,7297,2448,429
exp_dgemm_c.csv,340,5656,3637
exp_dgemm_c.csv,798,663,11986
exp_dgemm_c.csv,13709,720,811
exp_dgemm_c.csv,5871,2539,626
exp_dgemm_c.csv,7297,429,2448
exp_dgemm_c.csv,1412,2294,1131
exp_dgemm_c.csv,2731,2063,355
exp_dgemm_c.csv,325,5397,951
exp_dgemm_c.csv,10636,241,393
exp_dgemm_c.csv,1350,1739,4119
exp_dgemm_c.csv,2770,4846,199
exp_dgemm_c.csv,1584,3121,608
exp_dgemm_c.csv,1665,904,5760
exp_dgemm_c.csv,321,10068,930
exp_dgemm_c.csv,4806,2189,887
exp_dgemm_c.csv,2074,2121,1820
exp_dgemm_c.csv,492,259,5162
exp_dgemm_c.csv,1803,938,3941
exp_dgemm_c.csv,3199,1186,614
exp_dgemm_c.csv,649,2210,2330
exp_dgemm_c.csv,348,6455,2967
exp_dgemm_c.csv,2025,1646,101
exp_dgemm_c.csv,223,5813,1031
exp_dgemm_c.csv,502,415,3157
exp_dgemm_c.csv,4407,1112,818
exp_dgemm_c.csv,1202,535,5696
exp_dgemm_c.csv,1637,1328,2760
exp_dgemm_c.csv,771,2613,1492
exp_dgemm_c.csv,780,3463,1853
exp_dgemm_c.csv,2437,1749,784
exp_dgemm_c.csv,429,2448,7297
exp_dgemm_c.csv,259,492,5162
exp_dgemm_c.csv,199,6894,1947
exp_dgemm_c.csv,811,13709,720
exp_dgemm_c.csv,1386,743,9703
exp_dgemm_c.csv,3440,978,794
exp_dgemm_c.csv,8168,1406,406
exp_dgemm_c.csv,9890,408,163
exp_dgemm_c.csv,5871,626,2539
exp_dgemm_c.csv,873,1454,3943
exp_dgemm_c.csv,1210,344,11201
exp_dgemm_c.csv,2294,1412,1131
exp_dgemm_c.csv,355,2063,2731
exp_dgemm_c.csv,1131,370,4780
exp_dgemm_c.csv,893,8728,727
exp_dgemm_c.csv,5162,492,259
exp_dgemm_c.csv,609,981,2792
exp_dgemm_c.csv,235,8053,4757
exp_dgemm_c.csv,1580,703,1203
exp_dgemm_c.csv,4780,370,1131
exp_dgemm_c.csv,349,2829,7084
exp_dgemm_c.csv,611,1505,5806
exp_dgemm_c.csv,2149,2303,2019
exp_dgemm_c.csv,9024,916,242
exp_dgemm_c.csv,2827,2318,1424
exp_dgemm_c.csv,88,4435,5969
exp_dgemm_c.csv,2749,1415,259
exp_dgemm_c.csv,2770,199,4846
exp_dgemm_c.csv,223,1031,5813
exp_dgemm_c.csv,11035,612,1333
exp_dgemm_c.csv,344,1210,11201
exp_dgemm_c.csv,2019,2149,2303
exp_dgemm_c.csv,6924,114,9281
exp_dgemm_c.csv,2063,355,2731
exp_dgemm_c.csv,1328,2760,1637
exp_dgemm_c.csv,2050,7121,411
exp_dgemm_c.csv,3463,1853,780
exp_dgemm_c.csv,406,1406,8168
exp_dgemm_c.csv,4780,1131,370
exp_dgemm_c.csv,5162,143,456
exp_dgemm_c.csv,3943,873,1454
exp_dgemm_c.csv,951,5397,325
exp_dgemm_c.csv,199,2770,4846
exp_dgemm_c.csv,1683,3257,1276
exp_dgemm_c.csv,2189,887,4806
exp_dgemm_c.csv,275,6848,1237
exp_dgemm_c.csv,703,1580,1203
exp_dgemm_c.csv,1333,11035,612
exp_dgemm_c.csv,771,1492,2613
exp_dgemm_c.csv,2279,1458,1806
exp_dgemm_c.csv,1797,9297,80
exp_dgemm_c.csv,5656,3637,340
exp_dgemm_c.csv,1406,8168,406
exp_dgemm_c.csv,8728,893,727
exp_dgemm_c.csv,1492,771,2613
exp_dgemm_c.csv,6924,9281,114
exp_dgemm_c.csv,4234,1470,1393
exp_dgemm_c.csv,2074,1820,2121
exp_dgemm_c.csv,475,596,5892
exp_dgemm_c.csv,2967,348,6455
exp_dgemm_c.csv,242,916,9024
exp_dgemm_c.csv,2519,516,4359
exp_dgemm_c.csv,2210,2330,649
exp_dgemm_c.csv,3637,340,5656
exp_dgemm_c.csv,4389,4371,243
exp_dgemm_c.csv,663,3385,3567
exp_dgemm_c.csv,2048,2048,2048
exp_dgemm_c.csv,4119,1350,1739
exp_dgemm_c.csv,3328,179,565
exp_dgemm_c.csv,1840,2702,1074
exp_dgemm_c.csv,2749,259,1415
exp_dgemm_c.csv,2938,1153,1872
exp_dgemm_c.csv,6225,2945,418
exp_dgemm_c.csv,1153,1872,2938
exp_dgemm_c.csv,13709,811,720
exp_dgemm_c.csv,1113,2786,2363
exp_dgemm_c.csv,10068,321,930
exp_dgemm_c.csv,199,4846,2770
exp_dgemm_c.csv,2318,1424,2827
exp_dgemm_c.csv,6428,882,707
exp_dgemm_c.csv,5969,4435,88
exp_dgemm_c.csv,626,2539,5871
exp_dgemm_c.csv,873,3943,1454
exp_dgemm_c.csv,114,9281,6924
exp_dgemm_c.csv,7084,349,2829
exp_dgemm_c.csv,7084,2829,349
exp_dgemm_c.csv,2121,1820,2074
exp_dgemm_c.csv,1459,821,4731
exp_dgemm_c.csv,456,143,5162
exp_dgemm_c.csv,904,1665,5760
exp_dgemm_c.csv,4846,2770,199
exp_dgemm_c.csv,916,242,9024
exp_dgemm_c.csv,11674,1367,606
exp_dgemm_c.csv,1853,3463,780
exp_dgemm_c.csv,1276,1683,3257
exp_dgemm_c.csv,798,11986,663
exp_dgemm_c.csv,4,4,4
exp_dgemm_c.csv,818,1112,4407
exp_dgemm_c.csv,2210,649,2330
exp_dgemm_c.csv,9703,1386,743
exp_dgemm_c.csv,6455,348,2967
exp_dgemm_c.csv,1767,2226,1101
exp_dgemm_c.csv,4976,5206,129
exp_dgemm_c.csv,340,3637,5656
exp_dgemm_c.csv,2448,429,7297
exp_dgemm_c.csv,703,1203,1580
exp_dgemm_c.csv,707,6428,882
exp_dgemm_c.csv,275,1237,6848
exp_dgemm_c.csv,1806,1458,2279
exp_dgemm_c.csv,2311,919,3450
exp_dgemm_c.csv,241,10636,393
exp_dgemm_c.csv,9297,1797,80
exp_dgemm_c.csv,2519,4359,516
exp_dgemm_c.csv,978,3440,794
exp_dgemm_c.csv,1153,2938,1872
exp_dgemm_c.csv,2318,2827,1424
exp_dgemm_c.csv,234,8007,4805
exp_dgemm_c.csv,5813,1031,223
exp_dgemm_c.csv,3385,663,3567
exp_dgemm_c.csv,88,5969,4435
exp_dgemm_c.csv,4359,2519,516
exp_dgemm_c.csv,887,4806,2189
exp_dgemm_c.csv,344,11201,1210
exp_dgemm_c.csv,411,2050,7121
exp_dgemm_c.csv,2967,6455,348
exp_dgemm_c.csv,565,179,3328
exp_dgemm_c.csv,3796,1679,1306
exp_dgemm_c.csv,13661,945,774
exp_dgemm_c.csv,1683,1276,3257
exp_dgemm_c.csv,780,1853,3463
exp_dgemm_c.csv,3157,502,415
exp_dgemm_c.csv,11674,606,1367
exp_dgemm_c.csv,3199,614,1186
exp_dgemm_c.csv,1291,6702,733
exp_dgemm_c.csv,2025,101,1646
exp_dgemm_c.csv,1031,5813,223
exp_dgemm_c.csv,1393,4234,1470
exp_dgemm_c.csv,2019,2303,2149
exp_dgemm_c.csv,3440,794,978
exp_dgemm_c.csv,1074,1840,2702
exp_dgemm_c.csv,1306,1679,3796
exp_dgemm_c.csv,1918,12401,350
exp_dgemm_c.csv,5486,1373,1284
exp_dgemm_c.csv,9281,114,6924
exp_dgemm_c.csv,5892,596,475
exp_dgemm_c.csv,774,13661,945
exp_dgemm_c.csv,2226,1101,1767
exp_dgemm_c.csv,1749,784,2437
exp_dgemm_c.csv,733,6702,1291
exp_dgemm_c.csv,393,10636,241
exp_dgemm_c.csv,5162,456,143
exp_dgemm_c.csv,6894,199,1947
exp_dgemm_c.csv,4806,887,2189
exp_dgemm_c.csv,492,5162,259
exp_dgemm_c.csv,1872,2938,1153
exp_dgemm_c.csv,784,2437,1749
exp_dgemm_c.csv,663,3567,3385
exp_dgemm_c.csv,3895,289,895
exp_dgemm_c.csv,5003,681,1271
exp_dgemm_c.csv,1367,11674,606
exp_dgemm_c.csv,815,1018,10033
exp_dgemm_c.csv,350,12401,1918
exp_dgemm_c.csv,4731,1459,821
exp_dgemm_c.csv,179,3328,565
exp_dgemm_c.csv,9024,242,916
exp_dgemm_c.csv,8728,727,893
exp_dgemm_c.csv,711,1476,3490
exp_dgemm_c.csv,5397,325,951
exp_dgemm_c.csv,1679,3796,1306
exp_dgemm_c.csv,981,609,2792
exp_dgemm_c.csv,516,2519,4359
exp_dgemm_c.csv,663,798,11986
exp_dgemm_c.csv,10636,393,241
exp_dgemm_c.csv,8970,775,720
exp_dgemm_c.csv,1373,1284,5486
exp_dgemm_c.csv,1350,4119,1739
exp_dgemm_c.csv,821,1459,4731
exp_dgemm_c.csv,7121,2050,411
exp_dgemm_c.csv,2128,706,2883
exp_dgemm_c.csv,2149,2019,2303
exp_dgemm_c.csv,4234,1393,1470
exp_dgemm_c.csv,535,5696,1202
exp_dgemm_c.csv,1646,2025,101
exp_dgemm_c.csv,4389,243,4371
exp_dgemm_c.csv,12401,350,1918
exp_dgemm_c.csv,6455,2967,348
exp_dgemm_c.csv,12117,3703,119
exp_dgemm_c.csv,5760,904,1665
exp_dgemm_c.csv,98,3361,12169
exp_dgemm_c.csv,241,393,10636
exp_dgemm_c.csv,2765,2562,1224
exp_dgemm_c.csv,516,4359,2519
exp_dgemm_c.csv,706,2883,2128
exp_dgemm_c.csv,1112,818,4407
exp_dgemm_c.csv,1131,4780,370
exp_dgemm_c.csv,415,3157,502
exp_dgemm_c.csv,6428,707,882
exp_dgemm_c.csv,2760,1328,1637
exp_dgemm_c.csv,6848,1237,275
exp_dgemm_c.csv,2786,1113,2363
exp_dgemm_c.csv,10033,1018,815
exp_dgemm_c.csv,5806,1505,611
exp_dgemm_c.csv,978,4493,1744
exp_dgemm_c.csv,1101,2226,1767
exp_dgemm_c.csv,608,3121,1584
exp_dgemm_c.csv,919,2311,3450
exp_dgemm_c.csv,1454,873,3943
exp_dgemm_c.csv,1074,2702,1840
exp_dgemm_c.csv,978,794,3440
exp_dgemm_c.csv,887,2189,4806
exp_dgemm_c.csv,1112,4407,818
exp_dgemm_c.csv,7121,411,2050
exp_dgemm_c.csv,163,9890,408
exp_dgemm_c.csv,2,2,2
exp_dgemm_c.csv,1306,3796,1679
exp_dgemm_c.csv,289,895,3895
exp_dgemm_c.csv,1806,2279,1458
exp_dgemm_c.csv,794,978,3440
exp_dgemm_c.csv,1947,6894,199
exp_dgemm_c.csv,5806,611,1505
exp_dgemm_c.csv,606,11674,1367
exp_dgemm_c.csv,9703,743,1386
exp_dgemm_c.csv,2437,784,1749
exp_dgemm_c.csv,1505,5806,611
exp_dgemm_c.csv,5892,475,596
exp_dgemm_c.csv,6225,418,2945
exp_dgemm_c.csv,2786,2363,1113
exp_dgemm_c.csv,565,3328,179
exp_dgemm_c.csv,10033,815,1018
exp_dgemm_c.csv,1470,1393,4234
exp_dgemm_c.csv,1214,1696,3237
exp_dgemm_c.csv,4407,818,1112
exp_dgemm_c.csv,743,9703,1386
exp_dgemm_c.csv,1284,1373,5486
exp_dgemm_c.csv,3567,663,3385
exp_dgemm_c.csv,612,11035,1333
exp_dgemm_c.csv,3361,12169,98
exp_dgemm_c.csv,1412,1131,2294
exp_dgemm_c.csv,9281,6924,114
exp_dgemm_c.csv,1767,1101,2226
exp_dgemm_c.csv,5760,1665,904
exp_dgemm_c.csv,3567,3385,663
exp_dgemm_c.csv,5656,340,3637
exp_dgemm_c.csv,649,2330,2210
exp_dgemm_c.csv,904,5760,1665
exp_dgemm_c.csv,1031,223,5813
exp_dgemm_c.csv,4493,1744,978
exp_dgemm_c.csv,882,707,6428
exp_dgemm_c.csv,11201,1210,344
exp_dgemm_c.csv,348,2967,6455
exp_dgemm_c.csv,235,4757,8053
exp_dgemm_c.csv,2760,1637,1328
exp_dgemm_c.csv,143,456,5162
exp_dgemm_c.csv,350,1918,12401
exp_dgemm_c.csv,2363,2786,1113
exp_dgemm_c.csv,3257,1683,1276
exp_dgemm_c.csv,784,1749,2437
exp_dgemm_c.csv,2562,2765,1224
exp_dgemm_c.csv,608,1584,3121
exp_dgemm_c.csv,1580,1203,703
exp_dgemm_c.csv,681,5003,1271
exp_dgemm_c.csv,10068,930,321
exp_dgemm_c.csv,1424,2827,2318
exp_dgemm_c.csv,1101,1767,2226
exp_dgemm_c.csv,1840,1074,2702
exp_dgemm_c.csv,774,945,13661
exp_dgemm_c.csv,4371,243,4389
exp_dgemm_c.csv,119,3703,12117
exp_dgemm_c.csv,1820,2121,2074
exp_dgemm_c.csv,259,2749,1415
exp_dgemm_c.csv,1679,1306,3796
exp_dgemm_c.csv,720,8970,775
exp_dgemm_c.csv,614,1186,3199
exp_dgemm_c.csv,3121,1584,608
exp_dgemm_c.csv,5397,951,325
exp_dgemm_c.csv,6702,733,1291
exp_dgemm_c.csv,418,2945,6225
exp_dgemm_c.csv,663,11986,798
exp_dgemm_c.csv,2613,1492,771
exp_dgemm_c.csv,5206,129,4976
exp_dgemm_c.csv,596,475,5892
exp_dgemm_c.csv,1367,606,11674
exp_dgemm_c.csv,242,9024,916
exp_dgemm_c.csv,2363,1113,2786
exp_dgemm_c.csv,6894,1947,199
exp_dgemm_c.csv,1803,3941,938
exp_dgemm_c.csv,930,321,10068
exp_dgemm_c.csv,418,6225,2945
exp_dgemm_c.csv,1646,101,2025
exp_dgemm_c.csv,1271,681,5003
exp_dgemm_c.csv,11035,1333,612
exp_dgemm_c.csv,1214,3237,1696
exp_dgemm_c.csv,1224,2765,2562
exp_dgemm_c.csv,1276,3257,1683
exp_dgemm_c.csv,129,4976,5206
exp_dgemm_c.csv,2827,1424,2318
exp_dgemm_c.csv,2063,2731,355
exp_dgemm_c.csv,1696,3237,1214
exp_dgemm_c.csv,12169,3361,98
exp_dgemm_c.csv,2539,626,5871
exp_dgemm_c.csv,2702,1074,1840
exp_dgemm_f.csv,578,3203,723
exp_dgemm_f.csv,1785,2491,1501
exp_dgemm_f.csv,1721,7650,279
exp_dgemm_f.csv,3136,3378,660
exp_dgemm_f.csv,381,2014,11292
exp_dgemm_f.csv,1760,2694,1685
exp_dgemm_f.csv,1048,1281,6705
exp_dgemm_f.csv,2889,1820,1648
exp_dgemm_f.csv,2769,890,3381
exp_dgemm_f.csv,3136,660,3378
exp_dgemm_f.csv,12565,695,915
exp_dgemm_f.csv,1521,2742,1440
exp_dgemm_f.csv,1414,653,2164
exp_dgemm_f.csv,2213,1818,1825
exp_dgemm_f.csv,2272,1712,2485
exp_dgemm_f.csv,653,806,12038
exp_dgemm_f.csv,2156,4884,729
exp_dgemm_f.csv,1712,2485,2272
exp_dgemm_f.csv,2164,653,1414
exp_dgemm_f.csv,660,3136,3378
exp_dgemm_f.csv,2435,722,3416
exp_dgemm_f.csv,850,1354,4055
exp_dgemm_f.csv,933,1127,4438
exp_dgemm_f.csv,3416,722,2435
exp_dgemm_f.csv,14164,791,59
exp_dgemm_f.csv,3209,878,2013
exp_dgemm_f.csv,723,3203,578
exp_dgemm_f.csv,1265,2213,1071
exp_dgemm_f.csv,1281,6705,1048
exp_dgemm_f.csv,769,6195,1330
exp_dgemm_f.csv,3381,2769,890
exp_dgemm_f.csv,648,438,11773
exp_dgemm_f.csv,911,597,4288
exp_dgemm_f.csv,1899,5393,944
exp_dgemm_f.csv,964,1385,2000
exp_dgemm_f.csv,2013,878,3209
exp_dgemm_f.csv,937,694,2059
exp_dgemm_f.csv,11773,648,438
exp_dgemm_f.csv,597,911,4288
exp_dgemm_f.csv,173,1429,14859
exp_dgemm_f.csv,653,2164,1414
exp_dgemm_f.csv,3011,768,864
exp_dgemm_f.csv,4276,1088,2008
exp_dgemm_f.csv,1880,2581,1099
exp_dgemm_f.csv,3378,660,3136
exp_dgemm_f.csv,1381,5562,435
exp_dgemm_f.csv,1760,1685,2694
exp_dgemm_f.csv,1346,1501,2473
exp_dgemm_f.csv,413,923,858
exp_dgemm_f.csv,9717,1075,287
exp_dgemm_f.csv,1331,3299,1443
exp_dgemm_f.csv,2059,694,937
exp_dgemm_f.csv,1075,9717,287
exp_dgemm_f.csv,4346,1556,1034
exp_dgemm_f.csv,2000,964,1385
exp_dgemm_f.csv,10291,731,976
exp_dgemm_f.csv,2378,407,683
exp_dgemm_f.csv,7650,1721,279
exp_dgemm_f.csv,1330,6195,769
exp_dgemm_f.csv,2694,1685,1760
exp_dgemm_f.csv,6919,844,1143
exp_dgemm_f.csv,597,3829,727
exp_dgemm_f.csv,1026,7780,1211
exp_dgemm_f.csv,924,1584,1824
exp_dgemm_f.csv,764,2897,4221
exp_dgemm_f.csv,1648,2889,1820
exp_dgemm_f.csv,944,1899,5393
exp_dgemm_f.csv,858,923,413
exp_dgemm_f.csv,768,3011,864
exp_dgemm_f.csv,4729,1263,726
exp_dgemm_f.csv,412,1043,4650
exp_dgemm_f.csv,1501,2473,1346
exp_dgemm_f.csv,2349,1191,3577
exp_dgemm_f.csv,7780,1026,1211
exp_dgemm_f.csv,867,1419,1351
exp_dgemm_f.csv,7014,661,861
exp_dgemm_f.csv,1639,3757,921
exp_dgemm_f.csv,1263,4729,726
exp_dgemm_f.csv,6399,424,984
exp_dgemm_f.csv,2074,1746,828
exp_dgemm_f.csv,1419,1351,867
exp_dgemm_f.csv,4288,911,597
exp_dgemm_f.csv,1191,3577,2349
exp_dgemm_f.csv,1905,3038,1729
exp_dgemm_f.csv,1366,929,5510
exp_dgemm_f.csv,1674,2463,968
exp_dgemm_f.csv,2366,1333,2962
exp_dgemm_f.csv,2059,937,694
exp_dgemm_f.csv,1584,1824,924
exp_dgemm_f.csv,2742,1521,1440
exp_dgemm_f.csv,5001,218,300
exp_dgemm_f.csv,1143,844,6919
exp_dgemm_f.csv,3577,1191,2349
exp_dgemm_f.csv,785,2463,1206
exp_dgemm_f.csv,5510,1366,929
exp_dgemm_f.csv,1164,1706,2184
exp_dgemm_f.csv,6399,984,424
exp_dgemm_f.csv,695,12565,915
exp_dgemm_f.csv,9018,3029,305
exp_dgemm_f.csv,1,1,1
exp_dgemm_f.csv,1639,921,3757
exp_dgemm_f.csv,1346,2473,1501
exp_dgemm_f.csv,1351,867,1419
exp_dgemm_f.csv,660,3378,3136
exp_dgemm_f.csv,1443,3299,1331
exp_dgemm_f.csv,3038,1729,1905
exp_dgemm_f.csv,3484,4862,256
exp_dgemm_f.csv,2349,3577,1191
exp_dgemm_f.csv,5393,1899,944
exp_dgemm_f.csv,653,12038,806
exp_dgemm_f.csv,7946,752,1450
exp_dgemm_f.csv,1818,2213,1825
exp_dgemm_f.csv,921,1639,3757
exp_dgemm_f.csv,2463,1674,968
exp_dgemm_f.csv,351,9696,291
exp_dgemm_f.csv,1263,726,4729
exp_dgemm_f.csv,407,683,2378
exp_dgemm_f.csv,2581,1880,1099
exp_dgemm_f.csv,6705,1281,1048
exp_dgemm_f.csv,1825,2213,1818
exp_dgemm_f.csv,1450,752,7946
exp_dgemm_f.csv,1281,1048,6705
exp_dgemm_f.csv,398,217,11467
exp_dgemm_f.csv,1440,1521,2742
exp_dgemm_f.csv,2000,1385,964
exp_dgemm_f.csv,2463,1206,785
exp_dgemm_f.csv,4177,921,1299
exp_dgemm_f.csv,1034,1556,4346
exp_dgemm_f.csv,1010,1491,6645
exp_dgemm_f.csv,7009,698,1569
exp_dgemm_f.csv,3468,1492,902
exp_dgemm_f.csv,4177,1299,921
exp_dgemm_f.csv,1299,921,4177
exp_dgemm_f.csv,6242,458,2914
exp_dgemm_f.csv,648,11773,438
exp_dgemm_f.csv,726,1474,5613
exp_dgemm_f.csv,752,1450,7946
exp_dgemm_f.csv,2008,1088,4276
exp_dgemm_f.csv,1264,1865,3256
exp_dgemm_f.csv,1604,11593,305
exp_dgemm_f.csv,1746,2074,828
exp_dgemm_f.csv,14164,59,791
exp_dgemm_f.csv,1914,1509,2767
exp_dgemm_f.csv,4438,933,1127
exp_dgemm_f.csv,5259,713,357
exp_dgemm_f.csv,698,1569,7009
exp_dgemm_f.csv,435,5562,1381
exp_dgemm_f.csv,1191,2349,3577
exp_dgemm_f.csv,2227,2104,713
exp_dgemm_f.csv,1844,143,3756
exp_dgemm_f.csv,2048,2048,2048
exp_dgemm_f.csv,864,768,3011
exp_dgemm_f.csv,1685,1760,2694
exp_dgemm_f.csv,752,7946,1450
exp_dgemm_f.csv,597,4288,911
exp_dgemm_f.csv,1333,2962,2366
exp_dgemm_f.csv,890,2769,3381
exp_dgemm_f.csv,1491,1010,6645
exp_dgemm_f.csv,4884,729,2156
exp_dgemm_f.csv,727,3829,597
exp_dgemm_f.csv,929,5510,1366
exp_dgemm_f.csv,2013,3209,878
exp_dgemm_f.csv,59,14164,791
exp_dgemm_f.csv,1299,4177,921
exp_dgemm_f.csv,287,1075,9717
exp_dgemm_f.csv,462,14600,98
exp_dgemm_f.csv,3910,1143,2014
exp_dgemm_f.csv,1905,1729,3038
exp_dgemm_f.csv,695,915,12565
exp_dgemm_f.csv,2897,764,4221
exp_dgemm_f.csv,279,7650,1721
exp_dgemm_f.csv,1746,828,2074
exp_dgemm_f.csv,2164,1414,653
exp_dgemm_f.csv,3416,2435,722
exp_dgemm_f.csv,450,12149,304
exp_dgemm_f.csv,615,13430,889
exp_dgemm_f.csv,713,357,5259
exp_dgemm_f.csv,3829,597,727
exp_dgemm_f.csv,1865,1264,3256
exp_dgemm_f.csv,13430,889,615
exp_dgemm_f.csv,4376,5035,242
exp_dgemm_f.csv,143,3756,1844
exp_dgemm_f.csv,9717,287,1075
exp_dgemm_f.csv,13430,615,889
exp_dgemm_f.csv,11292,381,2014
exp_dgemm_f.csv,4193,3728,427
exp_dgemm_f.csv,572,967,6641
exp_dgemm_f.csv,460,339,2097
exp_dgemm_f.csv,878,3209,2013
exp_dgemm_f.csv,4221,2897,764
exp_dgemm_f.csv,921,3757,1639
exp_dgemm_f.csv,861,7014,661
exp_dgemm_f.csv,1685,2694,1760
exp_dgemm_f.csv,5562,435,1381
exp_dgemm_f.csv,351,291,9696
exp_dgemm_f.csv,5613,726,1474
exp_dgemm_f.csv,976,10291,731
exp_dgemm_f.csv,4276,2008,1088
exp_dgemm_f.csv,3299,1331,1443
exp_dgemm_f.csv,769,1330,6195
exp_dgemm_f.csv,840,4507,1320
exp_dgemm_f.csv,1648,1820,2889
exp_dgemm_f.csv,1655,1571,1535
exp_dgemm_f.csv,1206,2463,785
exp_dgemm_f.csv,2213,1265,1071
exp_dgemm_f.csv,1354,4055,850
exp_dgemm_f.csv,1143,3910,2014
exp_dgemm_f.csv,3577,2349,1191
exp_dgemm_f.csv,2014,1143,3910
exp_dgemm_f.csv,858,413,923
exp_dgemm_f.csv,1265,1071,2213
exp_dgemm_f.csv,713,2227,2104
exp_dgemm_f.csv,3029,305,9018
exp_dgemm_f.csv,1320,4507,840
exp_dgemm_f.csv,1026,1211,7780
exp_dgemm_f.csv,339,460,2097
exp_dgemm_f.csv,2309,2927,789
exp_dgemm_f.csv,1105,1027,7932
exp_dgemm_f.csv,2767,1914,1509
exp_dgemm_f.csv,1824,1584,924
exp_dgemm_f.csv,1088,4276,2008
exp_dgemm_f.csv,2156,729,4884
exp_dgemm_f.csv,12565,915,695
exp_dgemm_f.csv,2914,458,6242
exp_dgemm_f.csv,339,2097,460
exp_dgemm_f.csv,305,1604,11593
exp_dgemm_f.csv,458,6242,2914
exp_dgemm_f.csv,438,11773,648
exp_dgemm_f.csv,726,1263,4729
exp_dgemm_f.csv,98,462,14600
exp_dgemm_f.csv,2889,1648,1820
exp_dgemm_f.csv,6705,1048,1281
exp_dgemm_f.csv,4178,498,1121
exp_dgemm_f.csv,924,1824,1584
exp_dgemm_f.csv,1333,2366,2962
exp_dgemm_f.csv,1785,1501,2491
exp_dgemm_f.csv,3468,902,1492
exp_dgemm_f.csv,1330,769,6195
exp_dgemm_f.csv,11467,398,217
exp_dgemm_f.csv,2927,789,2309
exp_dgemm_f.csv,14600,98,462
exp_dgemm_f.csv,217,11467,398
exp_dgemm_f.csv,902,1492,3468
exp_dgemm_f.csv,14600,462,98
exp_dgemm_f.csv,1556,1034,4346
exp_dgemm_f.csv,726,4729,1263
exp_dgemm_f.csv,305,9018,3029
exp_dgemm_f.csv,764,4221,2897
exp_dgemm_f.csv,4862,3484,256
exp_dgemm_f.csv,1099,2581,1880
exp_dgemm_f.csv,291,9696,351
exp_dgemm_f.csv,458,2914,6242
exp_dgemm_f.csv,2366,2962,1333
exp_dgemm_f.csv,726,5613,1474
exp_dgemm_f.csv,1071,1265,2213
exp_dgemm_f.csv,1143,2014,3910
exp_dgemm_f.csv,1706,2184,1164
exp_dgemm_f.csv,2378,683,407
exp_dgemm_f.csv,1712,2272,2485
exp_dgemm_f.csv,3203,578,723
exp_dgemm_f.csv,1492,3468,902
exp_dgemm_f.csv,722,3416,2435
exp_dgemm_f.csv,1121,4178,498
exp_dgemm_f.csv,2694,1760,1685
exp_dgemm_f.csv,424,6399,984
exp_dgemm_f.csv,304,450,12149
exp_dgemm_f.csv,1491,6645,1010
exp_dgemm_f.csv,5035,4376,242
exp_dgemm_f.csv,1121,498,4178
exp_dgemm_f.csv,2435,3416,722
exp_dgemm_f.csv,4055,850,1354
exp_dgemm_f.csv,1429,14859,173
exp_dgemm_f.csv,785,1206,2463
exp_dgemm_f.csv,2962,2366,1333
exp_dgemm_f.csv,1366,5510,929
exp_dgemm_f.csv,727,597,3829
exp_dgemm_f.csv,11773,438,648
exp_dgemm_f.csv,498,4178,1121
exp_dgemm_f.csv,2097,339,460
exp_dgemm_f.csv,2309,789,2927
exp_dgemm_f.csv,1419,867,1351
exp_dgemm_f.csv,498,1121,4178
exp_dgemm_f.csv,1164,2184,1706
exp_dgemm_f.csv,2074,828,1746
exp_dgemm_f.csv,1027,1105,7932
exp_dgemm_f.csv,1088,2008,4276
exp_dgemm_f.csv,424,984,6399
exp_dgemm_f.csv,2463,968,1674
exp_dgemm_f.csv,911,4288,597
exp_dgemm_f.csv,1474,726,5613
exp_dgemm_f.csv,7780,1211,1026
exp_dgemm_f.csv,1105,7932,1027
exp_dgemm_f.csv,1211,7780,1026
exp_dgemm_f.csv,3038,1905,1729
exp_dgemm_f.csv,300,218,5001
exp_dgemm_f.csv,615,889,13430
exp_dgemm_f.csv,661,7014,861
exp_dgemm_f.csv,450,304,12149
exp_dgemm_f.csv,3203,723,578
exp_dgemm_f.csv,937,2059,694
exp_dgemm_f.csv,5562,1381,435
exp_dgemm_f.csv,5035,242,4376
exp_dgemm_f.csv,890,3381,2769
exp_dgemm_f.csv,2227,713,2104
exp_dgemm_f.csv,915,695,12565
exp_dgemm_f.csv,923,413,858
exp_dgemm_f.csv,7932,1027,1105
exp_dgemm_f.csv,864,3011,768
exp_dgemm_f.csv,713,2104,2227
exp_dgemm_f.csv,1071,2213,1265
exp_dgemm_f.csv,11467,217,398
exp_dgemm_f.csv,1569,698,7009
exp_dgemm_f.csv,2769,3381,890
exp_dgemm_f.csv,2014,3910,1143
exp_dgemm_f.csv,4507,840,1320
exp_dgemm_f.csv,964,2000,1385
exp_dgemm_f.csv,984,6399,424
exp_dgemm_f.csv,3757,1639,921
exp_dgemm_f.csv,1571,1655,1535
exp_dgemm_f.csv,10291,976,731
exp_dgemm_f.csv,3484,256,4862
exp_dgemm_f.csv,921,1299,4177
exp_dgemm_f.csv,2097,460,339
exp_dgemm_f.csv,435,1381,5562
exp_dgemm_f.csv,789,2309,2927
exp_dgemm_f.csv,731,10291,976
exp_dgemm_f.csv,3757,921,1639
exp_dgemm_f.csv,729,2156,4884
exp_dgemm_f.csv,279,1721,7650
exp_dgemm_f.csv,683,2378,407
exp_dgemm_f.csv,2927,2309,789
exp_dgemm_f.csv,6195,1330,769
exp_dgemm_f.csv,2485,1712,2272
exp_dgemm_f.csv,1729,1905,3038
exp_dgemm_f.csv,944,5393,1899
exp_dgemm_f.csv,4729,726,1263
exp_dgemm_f.csv,4438,1127,933
exp_dgemm_f.csv,9018,305,3029
exp_dgemm_f.csv,1010,6645,1491
exp_dgemm_f.csv,256,3484,4862
exp_dgemm_f.csv,1385,2000,964
exp_dgemm_f.csv,6641,967,572
exp_dgemm_f.csv,1914,2767,1509
exp_dgemm_f.csv,4055,1354,850
exp_dgemm_f.csv,921,4177,1299
exp_dgemm_f.csv,5510,929,1366
exp_dgemm_f.csv,2485,2272,1712
exp_dgemm_f.csv,438,648,11773
exp_dgemm_f.csv,1824,924,1584
exp_dgemm_f.csv,729,4884,2156
exp_dgemm_f.csv,1385,964,2000
exp_dgemm_f.csv,3756,1844,143
exp_dgemm_f.csv,1075,287,9717
exp_dgemm_f.csv,7946,1450,752
exp_dgemm_f.csv,1320,840,4507
exp_dgemm_f.csv,1706,1164,2184
exp_dgemm_f.csv,1331,1443,3299
exp_dgemm_f.csv,1501,2491,1785
exp_dgemm_f.csv,3209,2013,878
exp_dgemm_f.csv,11593,305,1604
exp_dgemm_f.csv,2473,1346,1501
exp_dgemm_f.csv,572,6641,967
exp_dgemm_f.csv,3728,4193,427
exp_dgemm_f.csv,1354,850,4055
exp_dgemm_f.csv,242,5035,4376
exp_dgemm_f.csv,2104,713,2227
exp_dgemm_f.csv,2184,1706,1164
exp_dgemm_f.csv,460,2097,339
exp_dgemm_f.csv,1729,3038,1905
exp_dgemm_f.csv,381,11292,2014
exp_dgemm_f.csv,694,2059,937
exp_dgemm_f.csv,1381,435,5562
exp_dgemm_f.csv,3728,427,4193
exp_dgemm_f.csv,14859,1429,173
exp_dgemm_f.csv,889,13430,615
exp_dgemm_f.csv,1501,1346,2473
exp_dgemm_f.csv,3256,1264,1865
exp_dgemm_f.csv,867,1351,1419
exp_dgemm_f.csv,2914,6242,458
exp_dgemm_f.csv,3029,9018,305
exp_dgemm_f.csv,1143,6919,844
exp_dgemm_f.csv,287,9717,1075
exp_dgemm_f.csv,218,300,5001
exp_dgemm_f.csv,1584,924,1824
exp_dgemm_f.csv,4650,412,1043
exp_dgemm_f.csv,2491,1501,1785
exp_dgemm_f.csv,3,3,3
exp_dgemm_f.csv,1820,2889,1648
exp_dgemm_f.csv,1501,1785,2491
exp_dgemm_f.csv,4,4,4
exp_dgemm_f.csv,6195,769,1330
exp_dgemm_f.csv,929,1366,5510
exp_dgemm_f.csv,1211,1026,7780
exp_dgemm_f.csv,731,976,10291
exp_dgemm_f.csv,2897,4221,764
exp_dgemm_f.csv,1569,7009,698
exp_dgemm_f.csv,6645,1010,1491
exp_dgemm_f.csv,2008,4276,1088
exp_dgemm_f.csv,661,861,7014
exp_dgemm_f.csv,427,4193,3728
exp_dgemm_f.csv,1604,305,11593
exp_dgemm_f.csv,7009,1569,698
exp_dgemm_f.csv,2213,1825,1818
exp_dgemm_f.csv,7014,861,661
exp_dgemm_f.csv,1034,4346,1556
exp_dgemm_f.csv,3910,2014,1143
exp_dgemm_f.csv,4507,1320,840
exp_dgemm_f.csv,413,858,923
exp_dgemm_f.csv,789,2927,2309
exp_dgemm_f.csv,12038,653,806
exp_dgemm_f.csv,1535,1571,1655
exp_dgemm_f.csv,1043,412,4650
exp_dgemm_f.csv,398,11467,217
exp_dgemm_f.csv,2014,11292,381
exp_dgemm_f.csv,933,4438,1127
exp_dgemm_f.csv,357,5259,713
exp_dgemm_f.csv,3299,1443,1331
exp_dgemm_f.csv,4376,242,5035
exp_dgemm_f.csv,1443,1331,3299
exp_dgemm_f.csv,1048,6705,1281
exp_dgemm_f.csv,1450,7946,752
exp_dgemm_f.csv,1264,3256,1865
exp_dgemm_f.csv,357,713,5259
exp_dgemm_f.csv,968,2463,1674
exp_dgemm_f.csv,2463,785,1206
exp_dgemm_f.csv,723,578,3203
exp_dgemm_f.csv,291,351,9696
exp_dgemm_f.csv,2473,1501,1346
exp_dgemm_f.csv,844,1143,6919
exp_dgemm_f.csv,1099,1880,2581
exp_dgemm_f.csv,1899,944,5393
exp_dgemm_f.csv,791,14164,59
exp_dgemm_f.csv,6242,2914,458
exp_dgemm_f.csv,7650,279,1721
exp_dgemm_f.csv,305,11593,1604
exp_dgemm_f.csv,1844,3756,143
exp_dgemm_f.csv,14859,173,1429
exp_dgemm_f.csv,6919,1143,844
exp_dgemm_f.csv,6645,1491,1010
exp_dgemm_f.csv,1440,2742,1521
exp_dgemm_f.csv,7932,1105,1027
exp_dgemm_f.csv,653,1414,2164
exp_dgemm_f.csv,2272,2485,1712
exp_dgemm_f.csv,967,572,6641
exp_dgemm_f.csv,1571,1535,1655
exp_dgemm_f.csv,305,3029,9018
exp_dgemm_f.csv,407,2378,683
exp_dgemm_f.csv,4288,597,911
exp_dgemm_f.csv,3381,890,2769
exp_dgemm_f.csv,1880,1099,2581
exp_dgemm_f.csv,9696,351,291
exp_dgemm_f.csv,4884,2156,729
exp_dgemm_f.csv,1127,4438,933
exp_dgemm_f.csv,1865,3256,1264
exp_dgemm_f.csv,4346,1034,1556
exp_dgemm_f.csv,976,731,10291
exp_dgemm_f.csv,1043,4650,412
exp_dgemm_f.csv,1674,968,2463
exp_dgemm_f.csv,173,14859,1429
exp_dgemm_f.csv,5613,1474,726
exp_dgemm_f.csv,698,7009,1569
exp_dgemm_f.csv,902,3468,1492
exp_dgemm_f.csv,3378,3136,660
exp_dgemm_f.csv,1509,1914,2767
exp_dgemm_f.csv,1521,1440,2742
exp_dgemm_f.csv,861,661,7014
exp_dgemm_f.csv,1492,902,3468
exp_dgemm_f.csv,791,59,14164
exp_dgemm_f.csv,4650,1043,412
exp_dgemm_f.csv,713,5259,357
exp_dgemm_f.csv,1535,1655,1571
exp_dgemm_f.csv,889,615,13430
exp_dgemm_f.csv,1414,2164,653
exp_dgemm_f.csv,2962,1333,2366
exp_dgemm_f.csv,256,4862,3484
exp_dgemm_f.csv,304,12149,450
exp_dgemm_f.csv,5393,944,1899
exp_dgemm_f.csv,578,723,3203
exp_dgemm_f.csv,828,1746,2074
exp_dgemm_f.csv,2767,1509,1914
exp_dgemm_f.csv,1027,7932,1105
exp_dgemm_f.csv,1429,173,14859
exp_dgemm_f.csv,300,5001,218
exp_dgemm_f.csv,427,3728,4193
exp_dgemm_f.csv,1351,1419,867
exp_dgemm_f.csv,1825,1818,2213
exp_dgemm_f.csv,98,14600,462
exp_dgemm_f.csv,4193,427,3728
exp_dgemm_f.csv,694,937,2059
exp_dgemm_f.csv,1655,1535,1571
exp_dgemm_f.csv,806,653,12038
exp_dgemm_f.csv,217,398,11467
exp_dgemm_f.csv,412,4650,1043
exp_dgemm_f.csv,3011,864,768
exp_dgemm_f.csv,3829,727,597
exp_dgemm_f.csv,2,2,2
exp_dgemm_f.csv,1721,279,7650
exp_dgemm_f.csv,4178,1121,498
exp_dgemm_f.csv,9696,291,351
exp_dgemm_f.csv,218,5001,300
exp_dgemm_f.csv,915,12565,695
exp_dgemm_f.csv,12149,450,304
exp_dgemm_f.csv,2491,1785,1501
exp_dgemm_f.csv,143,1844,3756
exp_dgemm_f.csv,806,12038,653
exp_dgemm_f.csv,3256,1865,1264
exp_dgemm_f.csv,2104,2227,713
exp_dgemm_f.csv,597,727,3829
exp_dgemm_f.csv,2742,1440,1521
exp_dgemm_f.csv,840,1320,4507
exp_dgemm_f.csv,878,2013,3209
exp_dgemm_f.csv,11292,2014,381
exp_dgemm_f.csv,1818,1825,2213
exp_dgemm_f.csv,4862,256,3484
exp_dgemm_f.csv,722,2435,3416
exp_dgemm_f.csv,768,864,3011
exp_dgemm_f.csv,984,424,6399
exp_dgemm_f.csv,850,4055,1354
exp_dgemm_f.csv,12038,806,653
exp_dgemm_f.csv,1509,2767,1914
exp_dgemm_f.csv,968,1674,2463
exp_dgemm_f.csv,2581,1099,1880
exp_dgemm_f.csv,59,791,14164
exp_dgemm_f.csv,5259,357,713
exp_dgemm_f.csv,3756,143,1844
exp_dgemm_f.csv,2014,381,11292
exp_dgemm_f.csv,1820,1648,2889
exp_dgemm_f.csv,828,2074,1746
exp_dgemm_f.csv,462,98,14600
exp_dgemm_f.csv,967,6641,572
exp_dgemm_f.csv,11593,1604,305
exp_dgemm_f.csv,2184,1164,1706
exp_dgemm_f.csv,12149,304,450
exp_dgemm_f.csv,923,858,413
exp_dgemm_f.csv,2213,1071,1265
exp_dgemm_f.csv,844,6919,1143
exp_dgemm_f.csv,242,4376,5035
exp_dgemm_f.csv,683,407,2378
exp_dgemm_f.csv,6641,572,967
exp_dgemm_f.csv,1127,933,4438
exp_dgemm_f.csv,1556,4346,1034
exp_dgemm_f.csv,1206,785,2463
exp_dgemm_f.csv,5001,300,218
exp_dgemm_f.csv,4221,764,2897
exp_dgemm_f.csv,1474,5613,726
exp_dgemm_a.csv,266,9583,1043
exp_dgemm_a.csv,793,2230,5659
exp_dgemm_a.csv,9265,8420,94
exp_dgemm_a.csv,644,9464,876
exp_dgemm_a.csv,130,4103,13121
exp_dgemm_a.csv,866,7354,1414
exp_dgemm_a.csv,1412,4676,505
exp_dgemm_a.csv,908,492,6738
exp_dgemm_a.csv,1562,1234,5011
exp_dgemm_a.csv,4079,193,2958
exp_dgemm_a.csv,644,876,9464
exp_dgemm_a.csv,2960,869,2330
exp_dgemm_a.csv,2048,2048,2048
exp_dgemm_a.csv,3404,1553,1450
exp_dgemm_a.csv,8585,119,7178
exp_dgemm_a.csv,1085,419,2185
exp_dgemm_a.csv,1502,2176,1529
exp_dgemm_a.csv,3293,1607,1196
exp_dgemm_a.csv,7296,922,1387
exp_dgemm_a.csv,1388,1945,1235
exp_dgemm_a.csv,7825,2289,130
exp_dgemm_a.csv,717,15012,496
exp_dgemm_a.csv,4211,2976,54
exp_dgemm_a.csv,5353,413,4527
exp_dgemm_a.csv,193,2958,4079
exp_dgemm_a.csv,953,5057,278
exp_dgemm_a.csv,94,9265,8420
exp_dgemm_a.csv,2176,1529,1502
exp_dgemm_a.csv,13121,4103,130
exp_dgemm_a.csv,1723,871,451
exp_dgemm_a.csv,8611,759,205
exp_dgemm_a.csv,1638,1017,3799
exp_dgemm_a.csv,460,1540,3753
exp_dgemm_a.csv,101,8536,4649
exp_dgemm_a.csv,736,2144,5063
exp_dgemm_a.csv,2453,6542,540
exp_dgemm_a.csv,645,3757,2752
exp_dgemm_a.csv,9646,59,2912
exp_dgemm_a.csv,586,4090,1391
exp_dgemm_a.csv,1075,3289,752
exp_dgemm_a.csv,3799,1017,1638
exp_dgemm_a.csv,5665,1277,598
exp_dgemm_a.csv,1153,5824,1341
exp_dgemm_a.csv,119,8585,7178
exp_dgemm_a.csv,1195,4406,1772
exp_dgemm_a.csv,1074,610,2045
exp_dgemm_a.csv,5063,2144,736
exp_dgemm_a.csv,1391,4090,586
exp_dgemm_a.csv,2045,610,1074
exp_dgemm_a.csv,1605,1739,3586
exp_dgemm_a.csv,800,5678,2054
exp_dgemm_a.csv,579,6264,1562
exp_dgemm_a.csv,76,10098,5223
exp_dgemm_a.csv,307,1114,10724
exp_dgemm_a.csv,1539,922,1168
exp_dgemm_a.csv,446,670,3324
exp_dgemm_a.csv,1021,1439,4539
exp_dgemm_a.csv,939,224,1542
exp_dgemm_a.csv,15012,496,717
exp_dgemm_a.csv,1500,4183,1381
exp_dgemm_a.csv,1047,592,6979
exp_dgemm_a.csv,8420,9265,94
exp_dgemm_a.csv,8450,12276,45
exp_dgemm_a.csv,4527,5353,413
exp_dgemm_a.csv,1646,1612,1382
exp_dgemm_a.csv,7298,1636,642
exp_dgemm_a.csv,266,1043,9583
exp_dgemm_a.csv,800,2054,5678
exp_dgemm_a.csv,7178,8585,119
exp_dgemm_a.csv,869,2330,2960
exp_dgemm_a.csv,871,1723,451
exp_dgemm_a.csv,1562,6264,579
exp_dgemm_a.csv,157,14395,4274
exp_dgemm_a.csv,3283,823,738
exp_dgemm_a.csv,446,3324,670
exp_dgemm_a.csv,5127,88,13285
exp_dgemm_a.csv,3280,63,3275
exp_dgemm_a.csv,7178,119,8585
exp_dgemm_a.csv,1471,1637,1938
exp_dgemm_a.csv,3275,3280,63
exp_dgemm_a.csv,939,1542,224
exp_dgemm_a.csv,10229,1669,449
exp_dgemm_a.csv,156,4569,11210
exp_dgemm_a.csv,1075,752,3289
exp_dgemm_a.csv,2330,2960,869
exp_dgemm_a.csv,4103,130,13121
exp_dgemm_a.csv,953,278,5057
exp_dgemm_a.csv,2343,882,1775
exp_dgemm_a.csv,14235,970,483
exp_dgemm_a.csv,380,4561,5573
exp_dgemm_a.csv,11210,156,4569
exp_dgemm_a.csv,638,5260,1688
exp_dgemm_a.csv,63,3275,3280
exp_dgemm_a.csv,6030,4563,230
exp_dgemm_a.csv,706,2895,4072
exp_dgemm_a.csv,54,2976,4211
exp_dgemm_a.csv,4376,1618,706
exp_dgemm_a.csv,4676,1412,505
exp_dgemm_a.csv,9007,456,1217
exp_dgemm_a.csv,4569,156,11210
exp_dgemm_a.csv,261,322,3858
exp_dgemm_a.csv,5824,1153,1341
exp_dgemm_a.csv,5817,1461,509
exp_dgemm_a.csv,14395,4274,157
exp_dgemm_a.csv,6738,908,492
exp_dgemm_a.csv,5659,793,2230
exp_dgemm_a.csv,9058,663,1386
exp_dgemm_a.csv,670,3324,446
exp_dgemm_a.csv,1945,1388,1235
exp_dgemm_a.csv,10098,76,5223
exp_dgemm_a.csv,1014,702,7959
exp_dgemm_a.csv,970,14235,483
exp_dgemm_a.csv,1391,586,4090
exp_dgemm_a.csv,8450,45,12276
exp_dgemm_a.csv,94,8420,9265
exp_dgemm_a.csv,5665,598,1277
exp_dgemm_a.csv,4649,101,8536
exp_dgemm_a.csv,9583,266,1043
exp_dgemm_a.csv,663,1386,9058
exp_dgemm_a.csv,1637,1938,1471
exp_dgemm_a.csv,7959,1014,702
exp_dgemm_a.csv,5195,1589,1091
exp_dgemm_a.csv,5011,1234,1562
exp_dgemm_a.csv,4211,54,2976
exp_dgemm_a.csv,4406,1195,1772
exp_dgemm_a.csv,702,1014,7959
exp_dgemm_a.csv,717,496,15012
exp_dgemm_a.csv,2269,2132,965
exp_dgemm_a.csv,1012,2913,1021
exp_dgemm_a.csv,15012,717,496
exp_dgemm_a.csv,1618,706,4376
exp_dgemm_a.csv,922,1539,1168
exp_dgemm_a.csv,295,2902,3516
exp_dgemm_a.csv,780,2543,1174
exp_dgemm_a.csv,11210,4569,156
exp_dgemm_a.csv,2132,965,2269
exp_dgemm_a.csv,1450,1553,3404
exp_dgemm_a.csv,1130,1418,3741
exp_dgemm_a.csv,736,5063,2144
exp_dgemm_a.csv,1471,1938,1637
exp_dgemm_a.csv,5817,509,1461
exp_dgemm_a.csv,3275,63,3280
exp_dgemm_a.csv,1091,5195,1589
exp_dgemm_a.csv,1540,3753,460
exp_dgemm_a.csv,5011,1562,1234
exp_dgemm_a.csv,1387,922,7296
exp_dgemm_a.csv,1017,1638,3799
exp_dgemm_a.csv,295,3516,2902
exp_dgemm_a.csv,1589,5195,1091
exp_dgemm_a.csv,702,7959,1014
exp_dgemm_a.csv,3289,752,1075
exp_dgemm_a.csv,9464,644,876
exp_dgemm_a.csv,6030,230,4563
exp_dgemm_a.csv,1043,266,9583
exp_dgemm_a.csv,2912,9646,59
exp_dgemm_a.csv,205,759,8611
exp_dgemm_a.csv,4490,4391,355
exp_dgemm_a.csv,4063,2241,219
exp_dgemm_a.csv,4490,355,4391
exp_dgemm_a.csv,1418,3741,1130
exp_dgemm_a.csv,1114,10724,307
exp_dgemm_a.csv,1607,1196,3293
exp_dgemm_a.csv,738,3283,823
exp_dgemm_a.csv,2045,1074,610
exp_dgemm_a.csv,6979,592,1047
exp_dgemm_a.csv,14235,483,970
exp_dgemm_a.csv,638,1688,5260
exp_dgemm_a.csv,2241,219,4063
exp_dgemm_a.csv,88,13285,5127
exp_dgemm_a.csv,1605,3586,1739
exp_dgemm_a.csv,866,1414,7354
exp_dgemm_a.csv,3741,1418,1130
exp_dgemm_a.csv,4569,11210,156
exp_dgemm_a.csv,2958,193,4079
exp_dgemm_a.csv,2976,4211,54
exp_dgemm_a.csv,1414,866,7354
exp_dgemm_a.csv,642,1636,7298
exp_dgemm_a.csv,12276,45,8450
exp_dgemm_a.csv,1598,1621,3213
exp_dgemm_a.csv,1418,1130,3741
exp_dgemm_a.csv,922,7296,1387
exp_dgemm_a.csv,13121,130,4103
exp_dgemm_a.csv,318,14505,869
exp_dgemm_a.csv,752,1075,3289
exp_dgemm_a.csv,5823,10480,142
exp_dgemm_a.csv,1014,7959,702
exp_dgemm_a.csv,1775,882,2343
exp_dgemm_a.csv,318,869,14505
exp_dgemm_a.csv,670,446,3324
exp_dgemm_a.csv,266,2689,2317
exp_dgemm_a.csv,3757,2752,645
exp_dgemm_a.csv,4079,2958,193
exp_dgemm_a.csv,1382,1646,1612
exp_dgemm_a.csv,7959,702,1014
exp_dgemm_a.csv,456,9007,1217
exp_dgemm_a.csv,2902,295,3516
exp_dgemm_a.csv,2960,2330,869
exp_dgemm_a.csv,7354,1414,866
exp_dgemm_a.csv,483,970,14235
exp_dgemm_a.csv,1638,3799,1017
exp_dgemm_a.csv,6264,579,1562
exp_dgemm_a.csv,1277,598,5665
exp_dgemm_a.csv,6738,492,908
exp_dgemm_a.csv,2913,1021,1012
exp_dgemm_a.csv,3741,1130,1418
exp_dgemm_a.csv,9058,1386,663
exp_dgemm_a.csv,3586,1739,1605
exp_dgemm_a.csv,1492,621,7914
exp_dgemm_a.csv,759,8611,205
exp_dgemm_a.csv,8420,94,9265
exp_dgemm_a.csv,13285,5127,88
exp_dgemm_a.csv,5678,800,2054
exp_dgemm_a.csv,869,2960,2330
exp_dgemm_a.csv,2543,1174,780
exp_dgemm_a.csv,11975,1460,457
exp_dgemm_a.csv,2144,5063,736
exp_dgemm_a.csv,7298,642,1636
exp_dgemm_a.csv,1017,3799,1638
exp_dgemm_a.csv,592,1047,6979
exp_dgemm_a.csv,219,2241,4063
exp_dgemm_a.csv,10480,5823,142
exp_dgemm_a.csv,451,1723,871
exp_dgemm_a.csv,1047,6979,592
exp_dgemm_a.csv,278,953,5057
exp_dgemm_a.csv,922,1387,7296
exp_dgemm_a.csv,2269,965,2132
exp_dgemm_a.csv,1386,9058,663
exp_dgemm_a.csv,1739,1605,3586
exp_dgemm_a.csv,1938,1637,1471
exp_dgemm_a.csv,610,2045,1074
exp_dgemm_a.csv,483,14235,970
exp_dgemm_a.csv,219,4063,2241
exp_dgemm_a.csv,1589,1091,5195
exp_dgemm_a.csv,4063,219,2241
exp_dgemm_a.csv,1500,1381,4183
exp_dgemm_a.csv,562,540,1069
exp_dgemm_a.csv,5195,1091,1589
exp_dgemm_a.csv,1217,456,9007
exp_dgemm_a.csv,1646,1382,1612
exp_dgemm_a.csv,6155,1049,1084
