expfile,m,n,k
exp_512_29.csv,2287,5977,512
exp_512_29.csv,3574,3092,512
exp_512_29.csv,9439,1241,512
exp_512_29.csv,1292,5024,512
exp_512_29.csv,1806,8283,512
exp_512_29.csv,498,6517,512
exp_512_29.csv,1296,8033,512
exp_512_29.csv,2169,2708,512
exp_512_29.csv,1804,9025,512
exp_512_29.csv,2765,6126,512
exp_512_29.csv,3231,3420,512
exp_512_29.csv,3052,4699,512
exp_512_29.csv,8055,968,512
exp_512_29.csv,1609,2827,512
exp_512_29.csv,625,2077,512
exp_512_29.csv,3510,747,512
exp_512_29.csv,7327,1421,512
exp_512_29.csv,5478,954,512
exp_512_29.csv,3249,3805,512
exp_512_29.csv,1743,5611,512
exp_512_29.csv,4017,2916,512
exp_512_29.csv,10483,1304,512
exp_512_29.csv,7861,2317,512
exp_512_29.csv,8201,2221,512
exp_512_29.csv,370,3509,512
exp_512_29.csv,5756,1469,512
exp_512_29.csv,10213,701,512
exp_512_29.csv,2292,4267,512
exp_512_29.csv,968,8055,512
exp_512_29.csv,2627,7438,512
exp_512_29.csv,986,1317,512
exp_512_29.csv,3283,3568,512
exp_512_29.csv,2557,2297,512
exp_512_29.csv,7438,2627,512
exp_512_29.csv,14034,1345,512
exp_512_29.csv,3080,5711,512
exp_512_29.csv,13084,1096,512
exp_512_29.csv,2750,1421,512
exp_512_29.csv,1076,599,512
exp_512_29.csv,14381,588,512
exp_512_29.csv,1385,8926,512
exp_512_29.csv,1628,1993,512
exp_512_29.csv,5611,1743,512
exp_512_29.csv,1182,6057,512
exp_512_29.csv,2708,2169,512
exp_512_29.csv,2317,7861,512
exp_512_29.csv,2686,6781,512
exp_512_29.csv,1352,1940,512
exp_512_29.csv,3149,5170,512
exp_512_29.csv,1919,5097,512
exp_512_29.csv,2065,8203,512
exp_512_29.csv,6025,755,512
exp_512_29.csv,747,3510,512
exp_512_29.csv,2221,8201,512
exp_512_29.csv,9219,989,512
exp_512_29.csv,5024,1292,512
exp_512_29.csv,1469,5756,512
exp_512_29.csv,5847,3342,512
exp_512_29.csv,2174,907,512
exp_512_29.csv,4835,3638,512
exp_512_29.csv,2297,2557,512
exp_512_29.csv,1012,4495,512
exp_512_29.csv,2876,2711,512
exp_512_29.csv,5749,909,512
exp_512_29.csv,907,2174,512
exp_512_29.csv,2717,5031,512
exp_512_29.csv,3443,4537,512
exp_512_29.csv,779,828,512
exp_512_29.csv,1421,2750,512
exp_512_29.csv,957,6783,512
exp_512_29.csv,652,13984,512
exp_512_29.csv,14623,1023,512
exp_512_29.csv,1156,12405,512
exp_512_29.csv,5042,1420,512
exp_512_29.csv,701,10213,512
exp_512_29.csv,4495,1012,512
exp_512_29.csv,1241,9439,512
exp_512_29.csv,1304,10483,512
exp_512_29.csv,1958,7978,512
exp_512_29.csv,2711,2876,512
exp_512_29.csv,909,5749,512
exp_512_29.csv,1096,13084,512
exp_512_29.csv,819,7171,512
exp_512_29.csv,1245,15162,512
exp_512_29.csv,3092,3574,512
exp_512_29.csv,6591,2570,512
exp_512_29.csv,7978,1958,512
exp_512_29.csv,1215,3216,512
exp_512_29.csv,1786,1104,512
exp_512_29.csv,8926,1385,512
exp_512_29.csv,3374,5595,512
exp_512_29.csv,6783,957,512
exp_512_29.csv,6311,1340,512
exp_512_29.csv,1317,986,512
exp_512_29.csv,5097,1919,512
exp_512_29.csv,2048,2048,2048
exp_512_29.csv,599,1076,512
exp_512_29.csv,1104,1786,512
exp_512_29.csv,3805,3249,512
exp_512_29.csv,989,9219,512
exp_512_29.csv,588,14381,512
exp_512_29.csv,8203,2065,512
exp_512_29.csv,1940,1352,512
exp_512_29.csv,918,14181,512
exp_512_29.csv,4699,3052,512
exp_512_29.csv,2570,6591,512
exp_512_29.csv,4083,1280,512
exp_512_29.csv,4,4,4
exp_512_29.csv,2391,2715,512
exp_512_29.csv,2916,4017,512
exp_512_29.csv,2077,625,512
exp_512_29.csv,2245,3473,512
exp_512_29.csv,1111,11718,512
exp_512_29.csv,5567,583,512
exp_512_29.csv,13984,652,512
exp_512_29.csv,755,6025,512
exp_512_29.csv,3216,1215,512
exp_512_29.csv,1986,8857,512
exp_512_29.csv,2122,929,512
exp_512_29.csv,1038,11911,512
exp_512_29.csv,828,779,512
exp_512_29.csv,2715,2391,512
exp_512_29.csv,12405,1156,512
exp_512_29.csv,8857,1986,512
exp_512_29.csv,2,2,2
exp_512_29.csv,3420,3231,512
exp_512_29.csv,5595,3374,512
exp_512_29.csv,5977,2287,512
exp_512_29.csv,3568,3283,512
exp_512_29.csv,7171,819,512
exp_512_29.csv,12306,846,512
exp_512_29.csv,1620,9642,512
exp_512_29.csv,1421,7327,512
exp_512_29.csv,1,1,1
exp_512_29.csv,14181,918,512
exp_512_29.csv,1280,4083,512
exp_512_29.csv,15162,1245,512
exp_512_29.csv,8283,1806,512
exp_512_29.csv,1527,7236,512
exp_512_29.csv,1416,2760,512
exp_512_29.csv,3342,5847,512
exp_512_29.csv,954,5478,512
exp_512_29.csv,929,2122,512
exp_512_29.csv,534,1207,512
exp_512_29.csv,3473,2245,512
exp_512_29.csv,12144,1609,512
exp_512_29.csv,1420,5042,512
exp_512_29.csv,5170,3149,512
exp_512_29.csv,11301,1152,512
exp_512_29.csv,3,3,3
exp_512_29.csv,3412,2672,512
exp_512_29.csv,4267,2292,512
exp_512_29.csv,583,5567,512
exp_512_29.csv,5711,3080,512
exp_512_29.csv,5013,3248,512
exp_512_29.csv,9642,1620,512
exp_512_29.csv,1207,534,512
exp_512_29.csv,3638,4835,512
exp_512_29.csv,1023,14623,512
exp_512_29.csv,6517,498,512
exp_512_29.csv,2541,1032,512
exp_512_29.csv,2679,5584,512
exp_512_29.csv,1032,2541,512
exp_512_29.csv,11911,1038,512
exp_512_29.csv,846,12306,512
exp_512_29.csv,1609,12144,512
exp_512_29.csv,2827,1609,512
exp_512_29.csv,5031,2717,512
exp_512_29.csv,5584,2679,512
exp_512_29.csv,1152,11301,512
exp_512_29.csv,7236,1527,512
exp_512_29.csv,6781,2686,512
exp_512_29.csv,11718,1111,512
exp_512_29.csv,3509,370,512
exp_512_29.csv,1340,6311,512
exp_512_29.csv,2672,3412,512
exp_512_29.csv,9025,1804,512
exp_512_29.csv,8033,1296,512
exp_512_29.csv,1993,1628,512
exp_512_29.csv,4537,3443,512
exp_512_29.csv,6126,2765,512
exp_512_29.csv,2760,1416,512
exp_512_29.csv,1345,14034,512
exp_512_29.csv,3248,5013,512
exp_512_29.csv,6057,1182,512
exp_256_20.csv,5939,876,256
exp_256_20.csv,10237,3051,256
exp_256_20.csv,7069,4049,256
exp_256_20.csv,2795,4179,256
exp_256_20.csv,9591,2304,256
exp_256_20.csv,5002,4693,256
exp_256_20.csv,4329,3609,256
exp_256_20.csv,2755,4240,256
exp_256_20.csv,1515,13743,256
exp_256_20.csv,8921,4379,256
exp_256_20.csv,2858,1375,256
exp_256_20.csv,3222,4444,256
exp_256_20.csv,2579,7075,256
exp_256_20.csv,5841,2233,256
exp_256_20.csv,2892,3608,256
exp_256_20.csv,3051,10237,256
exp_256_20.csv,13158,2081,256
exp_256_20.csv,8452,2926,256
exp_256_20.csv,2395,12506,256
exp_256_20.csv,4654,1684,256
exp_256_20.csv,3859,4048,256
exp_256_20.csv,4635,7016,256
exp_256_20.csv,4815,4049,256
exp_256_20.csv,4178,4983,256
exp_256_20.csv,5519,2594,256
exp_256_20.csv,4693,5002,256
exp_256_20.csv,12943,2314,256
exp_256_20.csv,486,10705,256
exp_256_20.csv,6361,411,256
exp_256_20.csv,10095,3740,256
exp_256_20.csv,10770,1211,256
exp_256_20.csv,2048,2048,2048
exp_256_20.csv,1375,2858,256
exp_256_20.csv,1878,10380,256
exp_256_20.csv,7513,1736,256
exp_256_20.csv,2997,2163,256
exp_256_20.csv,3359,8521,256
exp_256_20.csv,5653,6444,256
exp_256_20.csv,1674,9333,256
exp_256_20.csv,3552,4031,256
exp_256_20.csv,1371,7610,256
exp_256_20.csv,9417,3592,256
exp_256_20.csv,6717,3682,256
exp_256_20.csv,5763,6103,256
exp_256_20.csv,10705,486,256
exp_256_20.csv,8075,3868,256
exp_256_20.csv,4827,1889,256
exp_256_20.csv,1692,13060,256
exp_256_20.csv,840,13906,256
exp_256_20.csv,3608,2892,256
exp_256_20.csv,7747,4702,256
exp_256_20.csv,7671,4239,256
exp_256_20.csv,1337,4849,256
exp_256_20.csv,4048,3859,256
exp_256_20.csv,4379,8921,256
exp_256_20.csv,4404,8271,256
exp_256_20.csv,913,1460,256
exp_256_20.csv,9582,543,256
exp_256_20.csv,876,5939,256
exp_256_20.csv,543,9582,256
exp_256_20.csv,9778,3597,256
exp_256_20.csv,2635,3959,256
exp_256_20.csv,5198,3510,256
exp_256_20.csv,10736,730,256
exp_256_20.csv,13060,1692,256
exp_256_20.csv,2314,12943,256
exp_256_20.csv,4983,4178,256
exp_256_20.csv,7016,4635,256
exp_256_20.csv,1889,4827,256
exp_256_20.csv,1460,913,256
exp_256_20.csv,8201,3652,256
exp_256_20.csv,12131,1397,256
exp_256_20.csv,3592,9417,256
exp_256_20.csv,7075,2579,256
exp_256_20.csv,2,2,2
exp_256_20.csv,4443,5870,256
exp_256_20.csv,5149,5318,256
exp_256_20.csv,14527,2599,256
exp_256_20.csv,4031,3552,256
exp_256_20.csv,1211,10770,256
exp_256_20.csv,15372,2288,256
exp_256_20.csv,5760,4076,256
exp_256_20.csv,2873,7691,256
exp_256_20.csv,4700,3882,256
exp_256_20.csv,3879,8383,256
exp_256_20.csv,4702,7747,256
exp_256_20.csv,1700,784,256
exp_256_20.csv,812,3220,256
exp_256_20.csv,2160,14460,256
exp_256_20.csv,1736,7513,256
exp_256_20.csv,6733,3873,256
exp_256_20.csv,3494,9681,256
exp_256_20.csv,8155,961,256
exp_256_20.csv,9377,419,256
exp_256_20.csv,3721,7359,256
exp_256_20.csv,10380,1878,256
exp_256_20.csv,730,10736,256
exp_256_20.csv,3652,8201,256
exp_256_20.csv,8271,4404,256
exp_256_20.csv,4240,2755,256
exp_256_20.csv,3,3,3
exp_256_20.csv,1,1,1
exp_256_20.csv,5870,4443,256
exp_256_20.csv,3510,5198,256
exp_256_20.csv,1441,4499,256
exp_256_20.csv,903,10099,256
exp_256_20.csv,4499,1441,256
exp_256_20.csv,2599,14527,256
exp_256_20.csv,1142,1167,256
exp_256_20.csv,1545,1692,256
exp_256_20.csv,6444,5653,256
exp_256_20.csv,5184,4016,256
exp_256_20.csv,5318,5149,256
exp_256_20.csv,7472,3310,256
exp_256_20.csv,6103,5763,256
exp_256_20.csv,4068,9603,256
exp_256_20.csv,2594,5519,256
exp_256_20.csv,2288,15372,256
exp_256_20.csv,2598,6523,256
exp_256_20.csv,10099,903,256
exp_256_20.csv,961,8155,256
exp_256_20.csv,4049,7069,256
exp_256_20.csv,10022,3898,256
exp_256_20.csv,4735,1926,256
exp_256_20.csv,4049,4815,256
exp_256_20.csv,5292,4928,256
exp_256_20.csv,3682,6717,256
exp_256_20.csv,3597,9778,256
exp_256_20.csv,3609,4329,256
exp_256_20.csv,6992,2788,256
exp_256_20.csv,4016,5184,256
exp_256_20.csv,3959,2635,256
exp_256_20.csv,449,8751,256
exp_256_20.csv,4076,5760,256
exp_256_20.csv,4,4,4
exp_256_20.csv,4654,5044,256
exp_256_20.csv,9603,4068,256
exp_256_20.csv,9607,3930,256
exp_256_20.csv,8383,3879,256
exp_256_20.csv,8751,449,256
exp_256_20.csv,2788,6992,256
exp_256_20.csv,2926,8452,256
exp_256_20.csv,1926,4735,256
exp_256_20.csv,3220,812,256
exp_256_20.csv,3898,10022,256
exp_256_20.csv,3882,4700,256
exp_256_20.csv,2932,11537,256
exp_256_20.csv,11537,1469,256
exp_256_20.csv,419,9377,256
exp_256_20.csv,1469,11537,256
exp_256_20.csv,4928,5292,256
exp_256_20.csv,1167,1142,256
exp_256_20.csv,1692,1545,256
exp_256_20.csv,8521,3359,256
exp_256_20.csv,2233,5841,256
exp_256_20.csv,3930,9607,256
exp_256_20.csv,784,1700,256
exp_256_20.csv,5413,5287,256
exp_256_20.csv,7610,1371,256
exp_256_20.csv,7691,2873,256
exp_256_20.csv,5044,4654,256
exp_256_20.csv,13906,840,256
exp_256_20.csv,4444,3222,256
exp_256_20.csv,411,6361,256
exp_256_20.csv,2304,9591,256
exp_256_20.csv,9333,1674,256
exp_256_20.csv,4849,1337,256
exp_256_20.csv,14460,2160,256
exp_256_20.csv,2163,2997,256
exp_256_20.csv,3310,7472,256
exp_256_20.csv,6523,2598,256
exp_256_20.csv,3740,10095,256
exp_256_20.csv,4179,2795,256
exp_256_20.csv,9681,3494,256
exp_256_20.csv,13743,1515,256
exp_256_20.csv,4239,7671,256
exp_256_20.csv,1397,12131,256
exp_256_20.csv,11537,2932,256
exp_256_20.csv,1684,4654,256
exp_256_20.csv,5287,5413,256
exp_256_20.csv,12506,2395,256
exp_256_20.csv,2081,13158,256
exp_256_20.csv,3873,6733,256
exp_256_20.csv,7359,3721,256
exp_256_20.csv,3868,8075,256
exp_128_01.csv,4,4,4
exp_128_01.csv,4599,7941,128
exp_128_01.csv,11504,5891,128
exp_128_01.csv,4771,11993,128
exp_128_01.csv,9319,3349,128
exp_128_01.csv,5527,9436,128
exp_128_01.csv,4176,9359,128
exp_128_01.csv,12423,5455,128
exp_128_01.csv,1351,15443,128
exp_128_01.csv,7574,7555,128
exp_128_01.csv,7363,6020,128
exp_128_01.csv,2934,4441,128
exp_128_01.csv,7555,7574,128
exp_128_01.csv,11582,5177,128
exp_128_01.csv,7220,7577,128
exp_128_01.csv,2390,3240,128
exp_128_01.csv,14110,2025,128
exp_128_01.csv,11643,6716,128
exp_128_01.csv,7337,6747,128
exp_128_01.csv,1018,10257,128
exp_128_01.csv,11993,4771,128
exp_128_01.csv,3670,10649,128
exp_128_01.csv,7843,6975,128
exp_128_01.csv,1534,13601,128
exp_128_01.csv,6895,4144,128
exp_128_01.csv,6356,6973,128
exp_128_01.csv,6315,1226,128
exp_128_01.csv,5350,4872,128
exp_128_01.csv,6974,10465,128
exp_128_01.csv,5125,4568,128
exp_128_01.csv,4924,11620,128
exp_128_01.csv,1957,9299,128
exp_128_01.csv,10465,6974,128
exp_128_01.csv,5794,10349,128
exp_128_01.csv,9723,6703,128
exp_128_01.csv,2086,5005,128
exp_128_01.csv,4441,2934,128
exp_128_01.csv,4227,7993,128
exp_128_01.csv,10894,5504,128
exp_128_01.csv,1226,6315,128
exp_128_01.csv,5659,8288,128
exp_128_01.csv,10463,5972,128
exp_128_01.csv,7693,10164,128
exp_128_01.csv,5504,10894,128
exp_128_01.csv,4787,10341,128
exp_128_01.csv,9055,571,128
exp_128_01.csv,2,2,2
exp_128_01.csv,9299,1957,128
exp_128_01.csv,3914,9331,128
exp_128_01.csv,13885,1686,128
exp_128_01.csv,5005,2086,128
exp_128_01.csv,3131,6664,128
exp_128_01.csv,7212,4685,128
exp_128_01.csv,7632,9899,128
exp_128_01.csv,3240,2390,128
exp_128_01.csv,4241,6737,128
exp_128_01.csv,9765,4539,128
exp_128_01.csv,6716,11643,128
exp_128_01.csv,8600,6361,128
exp_128_01.csv,6091,5547,128
exp_128_01.csv,9331,3914,128
exp_128_01.csv,579,4420,128
exp_128_01.csv,5922,7030,128
exp_128_01.csv,3,3,3
exp_128_01.csv,11784,6411,128
exp_128_01.csv,5733,11821,128
exp_128_01.csv,11821,5733,128
exp_128_01.csv,4513,567,128
exp_128_01.csv,11091,6345,128
exp_128_01.csv,10649,3670,128
exp_128_01.csv,6345,11091,128
exp_128_01.csv,9351,5016,128
exp_128_01.csv,8047,7765,128
exp_128_01.csv,12610,614,128
exp_128_01.csv,7577,7220,128
exp_128_01.csv,7030,5922,128
exp_128_01.csv,4539,9765,128
exp_128_01.csv,8288,5659,128
exp_128_01.csv,2621,13935,128
exp_128_01.csv,3602,11557,128
exp_128_01.csv,10935,1423,128
exp_128_01.csv,15443,1351,128
exp_128_01.csv,6737,4241,128
exp_128_01.csv,1423,10935,128
exp_128_01.csv,10679,6834,128
exp_128_01.csv,6703,9723,128
exp_128_01.csv,13601,1534,128
exp_128_01.csv,6361,8600,128
exp_128_01.csv,9629,6489,128
exp_128_01.csv,10770,2898,128
exp_128_01.csv,8471,1538,128
exp_128_01.csv,9400,7487,128
exp_128_01.csv,11557,3602,128
exp_128_01.csv,11620,4924,128
exp_128_01.csv,1,1,1
exp_128_01.csv,7941,4599,128
exp_128_01.csv,3215,14589,128
exp_128_01.csv,4382,1180,128
exp_128_01.csv,9099,1710,128
exp_128_01.csv,10382,7277,128
exp_128_01.csv,10293,6837,128
exp_128_01.csv,4685,7212,128
exp_128_01.csv,6975,7843,128
exp_128_01.csv,6664,3131,128
exp_128_01.csv,12785,3256,128
exp_128_01.csv,6747,7337,128
exp_128_01.csv,1686,13885,128
exp_128_01.csv,10341,4787,128
exp_128_01.csv,5376,3385,128
exp_128_01.csv,1180,4382,128
exp_128_01.csv,937,13904,128
exp_128_01.csv,3894,6012,128
exp_128_01.csv,4420,579,128
exp_128_01.csv,972,10742,128
exp_128_01.csv,9899,7632,128
exp_128_01.csv,1710,9099,128
exp_128_01.csv,5177,11582,128
exp_128_01.csv,1892,8224,128
exp_128_01.csv,2898,10770,128
exp_128_01.csv,7645,8525,128
exp_128_01.csv,3349,9319,128
exp_128_01.csv,8224,1892,128
exp_128_01.csv,3385,5376,128
exp_128_01.csv,2025,14110,128
exp_128_01.csv,2966,1743,128
exp_128_01.csv,10812,6750,128
exp_128_01.csv,4568,5125,128
exp_128_01.csv,12926,5042,128
exp_128_01.csv,10164,7693,128
exp_128_01.csv,4144,6895,128
exp_128_01.csv,6834,10679,128
exp_128_01.csv,5240,4975,128
exp_128_01.csv,5972,10463,128
exp_128_01.csv,3459,7536,128
exp_128_01.csv,6154,5072,128
exp_128_01.csv,2158,1186,128
exp_128_01.csv,6411,11784,128
exp_128_01.csv,9436,5527,128
exp_128_01.csv,1538,8471,128
exp_128_01.csv,6012,3894,128
exp_128_01.csv,567,4513,128
exp_128_01.csv,10349,5794,128
exp_128_01.csv,6837,10293,128
exp_128_01.csv,5547,6091,128
exp_128_01.csv,5016,9351,128
exp_128_01.csv,1186,2158,128
exp_128_01.csv,614,12610,128
exp_128_01.csv,14589,3215,128
exp_128_01.csv,11725,4222,128
exp_128_01.csv,4872,5350,128
exp_128_01.csv,4248,9200,128
exp_128_01.csv,6020,7363,128
exp_128_01.csv,6750,10812,128
exp_128_01.csv,5072,6154,128
exp_128_01.csv,13904,937,128
exp_128_01.csv,4222,11725,128
exp_128_01.csv,4925,10589,128
exp_128_01.csv,5739,13625,128
exp_128_01.csv,2233,8149,128
exp_128_01.csv,7277,10382,128
exp_128_01.csv,9200,4248,128
exp_128_01.csv,9359,4176,128
exp_128_01.csv,571,9055,128
exp_128_01.csv,6489,9629,128
exp_128_01.csv,13625,5739,128
exp_128_01.csv,1743,2966,128
exp_128_01.csv,5891,11504,128
exp_128_01.csv,8149,2233,128
exp_128_01.csv,8525,7645,128
exp_128_01.csv,7536,3459,128
exp_128_01.csv,12151,4292,128
exp_128_01.csv,10742,972,128
exp_128_01.csv,2048,2048,2048
exp_128_01.csv,10257,1018,128
exp_128_01.csv,5042,12926,128
exp_128_01.csv,13935,2621,128
exp_128_01.csv,6973,6356,128
exp_128_01.csv,10589,4925,128
exp_128_01.csv,3256,12785,128
exp_128_01.csv,5455,12423,128
exp_128_01.csv,4292,12151,128
exp_128_01.csv,7765,8047,128
exp_128_01.csv,7487,9400,128
exp_128_01.csv,4975,5240,128
exp_128_01.csv,7993,4227,128
exp_random_11.csv,482,2480,8090
exp_random_11.csv,557,950,15135
exp_random_11.csv,592,496,7938
exp_random_11.csv,2294,922,4256
exp_random_11.csv,1103,987,6425
exp_random_11.csv,3000,1877,651
exp_random_11.csv,2539,1644,1919
exp_random_11.csv,314,2844,736
exp_random_11.csv,12853,295,1053
exp_random_11.csv,2539,958,2876
exp_random_11.csv,615,8931,606
exp_random_11.csv,1859,6474,249
exp_random_11.csv,3033,1124,390
exp_random_11.csv,2535,786,5024
exp_random_11.csv,1173,1438,2564
exp_random_11.csv,1673,1692,2122
exp_random_11.csv,3241,1986,1555
exp_random_11.csv,12169,819,769
exp_random_11.csv,343,4823,1211
exp_random_11.csv,1307,1290,3754
exp_random_11.csv,11271,1783,365
exp_random_11.csv,331,3075,5565
exp_random_11.csv,4823,343,1211
exp_random_11.csv,815,2591,1419
exp_random_11.csv,6900,10058,120
exp_random_11.csv,1644,1919,2539
exp_random_11.csv,10058,120,6900
exp_random_11.csv,789,1489,846
exp_random_11.csv,8947,907,492
exp_random_11.csv,4256,2294,922
exp_random_11.csv,1020,3730,1229
exp_random_11.csv,8583,284,3558
exp_random_11.csv,1555,1986,3241
exp_random_11.csv,1809,400,8300
exp_random_11.csv,847,1536,1792
exp_random_11.csv,4568,1442,809
exp_random_11.csv,1287,448,3475
exp_random_11.csv,487,1941,4946
exp_random_11.csv,2876,2539,958
exp_random_11.csv,1431,602,10823
exp_random_11.csv,6505,2906,141
exp_random_11.csv,12853,1053,295
exp_random_11.csv,2104,9174,501
exp_random_11.csv,2161,809,2862
exp_random_11.csv,5986,10238,98
exp_random_11.csv,663,14400,453
exp_random_11.csv,4422,975,1236
exp_random_11.csv,958,2539,2876
exp_random_11.csv,4845,3920,193
exp_random_11.csv,4823,1211,343
exp_random_11.csv,4663,708,2824
exp_random_11.csv,2067,1071,297
exp_random_11.csv,8583,3558,284
exp_random_11.csv,615,606,8931
exp_random_11.csv,5575,571,2828
exp_random_11.csv,606,8931,615
exp_random_11.csv,2667,61,2081
exp_random_11.csv,2480,8090,482
exp_random_11.csv,1537,3482,1246
exp_random_11.csv,297,1071,2067
exp_random_11.csv,2539,1919,1644
exp_random_11.csv,1379,1387,4707
exp_random_11.csv,6425,1103,987
exp_random_11.csv,700,2076,1379
exp_random_11.csv,687,1181,6166
exp_random_11.csv,1078,1122,2752
exp_random_11.csv,2923,3418,468
exp_random_11.csv,1370,4736,873
exp_random_11.csv,1211,4823,343
exp_random_11.csv,3475,1287,448
exp_random_11.csv,6860,796,1221
exp_random_11.csv,3075,5565,331
exp_random_11.csv,1387,4707,1379
exp_random_11.csv,1204,2917,1992
exp_random_11.csv,1859,249,6474
exp_random_11.csv,9396,100,9231
exp_random_11.csv,468,2923,3418
exp_random_11.csv,3754,1290,1307
exp_random_11.csv,2080,3952,770
exp_random_11.csv,7657,820,1008
exp_random_11.csv,297,2067,1071
exp_random_11.csv,1273,4789,1586
exp_random_11.csv,448,1287,3475
exp_random_11.csv,1774,2189,1889
exp_random_11.csv,295,12853,1053
exp_random_11.csv,809,2862,2161
exp_random_11.csv,687,6166,1181
exp_random_11.csv,11909,10174,22
exp_random_11.csv,2824,4663,708
exp_random_11.csv,1379,2076,700
exp_random_11.csv,1122,1078,2752
exp_random_11.csv,7035,512,1389
exp_random_11.csv,769,819,12169
exp_random_11.csv,809,4568,1442
exp_random_11.csv,2923,468,3418
exp_random_11.csv,820,1008,7657
exp_random_11.csv,1071,2067,297
exp_random_11.csv,2564,1438,1173
exp_random_11.csv,8744,1107,896
exp_random_11.csv,482,8090,2480
exp_random_11.csv,10065,537,246
exp_random_11.csv,7952,943,1068
exp_random_11.csv,8744,896,1107
exp_random_11.csv,4789,1586,1273
exp_random_11.csv,8947,492,907
exp_random_11.csv,22,10174,11909
exp_random_11.csv,10065,246,537
exp_random_11.csv,1986,1555,3241
exp_random_11.csv,14400,663,453
exp_random_11.csv,742,1304,6891
exp_random_11.csv,15135,950,557
exp_random_11.csv,4764,924,907
exp_random_11.csv,512,1389,7035
exp_random_11.csv,100,9396,9231
exp_random_11.csv,3393,251,1561
exp_random_11.csv,592,7938,496
exp_random_11.csv,819,769,12169
exp_random_11.csv,1537,1246,3482
exp_random_11.csv,295,1053,12853
exp_random_11.csv,1290,3754,1307
exp_random_11.csv,2906,6505,141
exp_random_11.csv,1221,6860,796
exp_random_11.csv,6166,687,1181
exp_random_11.csv,1941,4946,487
exp_random_11.csv,6900,120,10058
exp_random_11.csv,1536,1792,847
exp_random_11.csv,453,14400,663
exp_random_11.csv,3418,2923,468
exp_random_11.csv,4815,760,1182
exp_random_11.csv,8090,2480,482
exp_random_11.csv,606,615,8931
exp_random_11.csv,1692,1673,2122
exp_random_11.csv,1122,2752,1078
exp_random_11.csv,628,1238,4715
exp_random_11.csv,3920,4845,193
exp_random_11.csv,1379,700,2076
exp_random_11.csv,294,4980,3640
exp_random_11.csv,924,4764,907
exp_random_11.csv,1231,1771,3515
exp_random_11.csv,14400,453,663
exp_random_11.csv,5986,569,193
exp_random_11.csv,537,10065,246
exp_random_11.csv,8300,400,1809
exp_random_11.csv,2161,2862,809
exp_random_11.csv,2076,700,1379
exp_random_11.csv,792,4569,2766
exp_random_11.csv,1530,647,1676
exp_random_11.csv,261,2961,2147
exp_random_11.csv,2081,2667,61
exp_random_11.csv,602,10823,1431
exp_random_11.csv,760,1182,4815
exp_random_11.csv,770,3952,2080
exp_random_11.csv,141,6505,2906
exp_random_11.csv,350,1493,648
exp_random_11.csv,1489,789,846
exp_random_11.csv,5565,331,3075
exp_random_11.csv,4707,1387,1379
exp_random_11.csv,8300,1809,400
exp_random_11.csv,3241,1555,1986
exp_random_11.csv,1107,896,8744
exp_random_11.csv,193,3920,4845
exp_random_11.csv,496,592,7938
exp_random_11.csv,3482,1246,1537
exp_random_11.csv,846,1489,789
exp_random_11.csv,4256,922,2294
exp_random_11.csv,1181,687,6166
exp_random_11.csv,3393,1561,251
exp_random_11.csv,246,537,10065
exp_random_11.csv,10174,22,11909
exp_random_11.csv,1877,3000,651
exp_random_11.csv,246,10065,537
exp_random_11.csv,887,1951,1347
exp_random_11.csv,368,3983,678
exp_random_11.csv,736,2844,314
exp_random_11.csv,1951,1347,887
exp_random_11.csv,809,1442,4568
exp_random_11.csv,1438,2564,1173
exp_random_11.csv,4946,487,1941
exp_random_11.csv,512,7035,1389
exp_random_11.csv,647,1530,1676
exp_random_11.csv,571,2828,5575
exp_random_11.csv,1783,11271,365
exp_random_11.csv,3952,2080,770
exp_random_11.csv,1657,2090,2213
exp_random_11.csv,2539,2876,958
exp_random_11.csv,628,4715,1238
exp_random_11.csv,15135,557,950
exp_random_11.csv,907,924,4764
exp_random_11.csv,1809,8300,400
exp_random_11.csv,2824,708,4663
exp_random_11.csv,5986,193,569
exp_random_11.csv,1673,2122,1692
exp_random_11.csv,4172,6233,128
exp_random_11.csv,1008,1406,1881
exp_random_11.csv,4663,2824,708
exp_random_11.csv,1290,1307,3754
exp_random_11.csv,350,648,1493
exp_random_11.csv,6891,1304,742
exp_random_11.csv,10238,98,5986
exp_random_11.csv,10058,6900,120
exp_random_11.csv,98,5986,10238
exp_random_11.csv,1561,251,3393
exp_random_11.csv,6233,4172,128
exp_random_11.csv,294,3640,4980
exp_random_11.csv,61,2667,2081
exp_random_11.csv,950,557,15135
exp_random_11.csv,2213,2090,1657
exp_random_11.csv,1586,1273,4789
exp_random_11.csv,5024,786,2535
exp_random_11.csv,120,6900,10058
exp_random_11.csv,2471,1739,1938
exp_random_11.csv,1124,390,3033
exp_random_11.csv,1389,7035,512
exp_random_11.csv,504,2152,1530
exp_random_11.csv,736,314,2844
exp_random_11.csv,400,8300,1809
exp_random_11.csv,3075,331,5565
exp_random_11.csv,4715,628,1238
exp_random_11.csv,3983,678,368
exp_random_11.csv,873,1370,4736
exp_random_11.csv,1221,796,6860
exp_random_11.csv,1951,887,1347
exp_random_11.csv,2104,501,9174
exp_random_11.csv,792,2766,4569
exp_random_11.csv,141,2906,6505
exp_random_11.csv,405,7482,989
exp_random_11.csv,6233,128,4172
exp_random_11.csv,4422,1236,975
exp_random_11.csv,22,11909,10174
exp_random_11.csv,3310,3552,793
exp_random_11.csv,10174,11909,22
exp_random_11.csv,2591,815,1419
exp_random_11.csv,1181,6166,687
exp_random_11.csv,1438,1173,2564
exp_random_11.csv,1387,1379,4707
exp_random_11.csv,700,1379,2076
exp_random_11.csv,3558,284,8583
exp_random_11.csv,1676,1530,647
exp_random_11.csv,815,1419,2591
exp_random_11.csv,3515,1231,1771
exp_random_11.csv,7482,989,405
exp_random_11.csv,1053,295,12853
exp_random_11.csv,1008,1881,1406
exp_random_11.csv,1273,1586,4789
exp_random_11.csv,411,8224,2170
exp_random_11.csv,8224,411,2170
exp_random_11.csv,3418,468,2923
exp_random_11.csv,1419,2591,815
exp_random_11.csv,2766,4569,792
exp_random_11.csv,331,5565,3075
exp_random_11.csv,2147,261,2961
exp_random_11.csv,989,7482,405
exp_random_11.csv,2081,61,2667
exp_random_11.csv,3640,4980,294
exp_random_11.csv,796,1221,6860
exp_random_11.csv,4736,873,1370
exp_random_11.csv,1304,6891,742
exp_random_11.csv,2213,1657,2090
exp_random_11.csv,3552,3310,793
exp_random_11.csv,11271,365,1783
exp_random_11.csv,3482,1537,1246
exp_random_11.csv,873,4736,1370
exp_random_11.csv,1370,873,4736
exp_random_11.csv,1287,3475,448
exp_random_11.csv,1692,2122,1673
exp_random_11.csv,6166,1181,687
exp_random_11.csv,1555,3241,1986
exp_random_11.csv,1353,772,324
exp_random_11.csv,1182,760,4815
exp_random_11.csv,1493,648,350
exp_random_11.csv,887,1347,1951
exp_random_11.csv,773,2964,2472
exp_random_11.csv,769,12169,819
exp_random_11.csv,1211,343,4823
exp_random_11.csv,773,2472,2964
exp_random_11.csv,1124,3033,390
exp_random_11.csv,453,663,14400
exp_random_11.csv,6505,141,2906
exp_random_11.csv,2122,1673,1692
exp_random_11.csv,2261,1879,1960
exp_random_11.csv,390,3033,1124
exp_random_11.csv,7938,496,592
exp_random_11.csv,504,1530,2152
exp_random_11.csv,1107,8744,896
exp_random_11.csv,1389,512,7035
exp_random_11.csv,950,15135,557
exp_random_11.csv,8090,482,2480
exp_random_11.csv,100,9231,9396
exp_random_11.csv,1265,983,799
exp_random_11.csv,786,5024,2535
exp_random_11.csv,3552,793,3310
exp_random_11.csv,501,2104,9174
exp_random_11.csv,678,368,3983
exp_random_11.csv,9174,2104,501
exp_random_11.csv,9231,9396,100
exp_random_11.csv,4172,128,6233
exp_random_11.csv,1493,350,648
exp_random_11.csv,411,2170,8224
exp_random_11.csv,1204,1992,2917
exp_random_11.csv,786,2535,5024
exp_random_11.csv,4789,1273,1586
exp_random_11.csv,1938,1739,2471
exp_random_11.csv,3730,1020,1229
exp_random_11.csv,1792,1536,847
exp_random_11.csv,1771,3515,1231
exp_random_11.csv,9231,100,9396
exp_random_11.csv,1231,3515,1771
exp_random_11.csv,1068,7952,943
exp_random_11.csv,943,1068,7952
exp_random_11.csv,2964,773,2472
exp_random_11.csv,820,7657,1008
exp_random_11.csv,1889,1774,2189
exp_random_11.csv,907,492,8947
exp_random_11.csv,7035,1389,512
exp_random_11.csv,1489,846,789
exp_random_11.csv,1536,847,1792
exp_random_11.csv,2170,411,8224
exp_random_11.csv,284,3558,8583
exp_random_11.csv,193,5986,569
exp_random_11.csv,922,2294,4256
exp_random_11.csv,1229,1020,3730
exp_random_11.csv,314,736,2844
exp_random_11.csv,365,1783,11271
exp_random_11.csv,2535,5024,786
exp_random_11.csv,1739,2471,1938
exp_random_11.csv,98,10238,5986
exp_random_11.csv,983,799,1265
exp_random_11.csv,1431,10823,602
exp_random_11.csv,2564,1173,1438
exp_random_11.csv,3754,1307,1290
exp_random_11.csv,987,1103,6425
exp_random_11.csv,819,12169,769
exp_random_11.csv,4815,1182,760
exp_random_11.csv,4845,193,3920
exp_random_11.csv,249,1859,6474
exp_random_11.csv,8931,606,615
exp_random_11.csv,648,1493,350
exp_random_11.csv,2964,2472,773
exp_random_11.csv,3000,651,1877
exp_random_11.csv,1307,3754,1290
exp_random_11.csv,251,1561,3393
exp_random_11.csv,2862,2161,809
exp_random_11.csv,896,1107,8744
exp_random_11.csv,1419,815,2591
exp_random_11.csv,989,405,7482
exp_random_11.csv,742,6891,1304
exp_random_11.csv,1008,820,7657
exp_random_11.csv,193,569,5986
exp_random_11.csv,1783,365,11271
exp_random_11.csv,2472,2964,773
exp_random_11.csv,760,4815,1182
exp_random_11.csv,1879,2261,1960
exp_random_11.csv,1881,1008,1406
exp_random_11.csv,2876,958,2539
exp_random_11.csv,9396,9231,100
exp_random_11.csv,2472,773,2964
exp_random_11.csv,448,3475,1287
exp_random_11.csv,5024,2535,786
exp_random_11.csv,2917,1992,1204
exp_random_11.csv,2261,1960,1879
exp_random_11.csv,1406,1008,1881
exp_random_11.csv,3515,1771,1231
exp_random_11.csv,793,3310,3552
exp_random_11.csv,7938,592,496
exp_random_11.csv,2917,1204,1992
exp_random_11.csv,1676,647,1530
exp_random_11.csv,365,11271,1783
exp_random_11.csv,2752,1078,1122
exp_random_11.csv,1879,1960,2261
exp_random_11.csv,4715,1238,628
exp_random_11.csv,2122,1692,1673
exp_random_11.csv,487,4946,1941
exp_random_11.csv,3920,193,4845
exp_random_11.csv,1792,847,1536
exp_random_11.csv,2844,314,736
exp_random_11.csv,400,1809,8300
exp_random_11.csv,809,2161,2862
exp_random_11.csv,2667,2081,61
exp_random_11.csv,2862,809,2161
exp_random_11.csv,975,4422,1236
exp_random_11.csv,3475,448,1287
exp_random_11.csv,1304,742,6891
exp_random_11.csv,1530,2152,504
exp_random_11.csv,249,6474,1859
exp_random_11.csv,770,2080,3952
exp_random_11.csv,1103,6425,987
exp_random_11.csv,2961,261,2147
exp_random_11.csv,193,4845,3920
exp_random_11.csv,1644,2539,1919
exp_random_11.csv,7657,1008,820
exp_random_11.csv,2828,571,5575
exp_random_11.csv,492,8947,907
exp_random_11.csv,2766,792,4569
exp_random_11.csv,793,3552,3310
exp_random_11.csv,557,15135,950
exp_random_11.csv,569,5986,193
exp_random_11.csv,496,7938,592
exp_random_11.csv,2067,297,1071
exp_random_11.csv,1238,628,4715
exp_random_11.csv,2480,482,8090
exp_random_11.csv,922,4256,2294
exp_random_11.csv,789,846,1489
exp_random_11.csv,468,3418,2923
exp_random_11.csv,4980,294,3640
exp_random_11.csv,9174,501,2104
exp_random_11.csv,2752,1122,1078
exp_random_11.csv,2906,141,6505
exp_random_11.csv,128,4172,6233
exp_random_11.csv,1020,1229,3730
exp_random_11.csv,4764,907,924
exp_random_11.csv,5986,98,10238
exp_random_11.csv,772,1353,324
exp_random_11.csv,1246,3482,1537
exp_random_11.csv,3033,390,1124
exp_random_11.csv,571,5575,2828
exp_random_11.csv,3730,1229,1020
exp_random_11.csv,61,2081,2667
exp_random_11.csv,2189,1774,1889
exp_random_11.csv,1347,1951,887
exp_random_11.csv,1774,1889,2189
exp_random_11.csv,975,1236,4422
exp_random_11.csv,1530,504,2152
exp_random_11.csv,1,1,1
exp_random_11.csv,2090,2213,1657
exp_random_11.csv,708,4663,2824
exp_random_11.csv,261,2147,2961
exp_random_11.csv,4,4,4
exp_random_11.csv,324,1353,772
exp_random_11.csv,1992,1204,2917
exp_random_11.csv,3640,294,4980
exp_random_11.csv,120,10058,6900
exp_random_11.csv,1657,2213,2090
exp_random_11.csv,847,1792,1536
exp_random_11.csv,3,3,3
exp_random_11.csv,943,7952,1068
exp_random_11.csv,284,8583,3558
exp_random_11.csv,1881,1406,1008
exp_random_11.csv,2152,1530,504
exp_random_11.csv,1053,12853,295
exp_random_11.csv,2080,770,3952
exp_random_11.csv,4736,1370,873
exp_random_11.csv,1986,3241,1555
exp_random_11.csv,708,2824,4663
exp_random_11.csv,2294,4256,922
exp_random_11.csv,8224,2170,411
exp_random_11.csv,796,6860,1221
exp_random_11.csv,983,1265,799
exp_random_11.csv,343,1211,4823
exp_random_11.csv,2147,2961,261
exp_random_11.csv,2828,5575,571
exp_random_11.csv,2090,1657,2213
exp_random_11.csv,537,246,10065
exp_random_11.csv,501,9174,2104
exp_random_11.csv,4980,3640,294
exp_random_11.csv,3983,368,678
exp_random_11.csv,2471,1938,1739
exp_random_11.csv,1919,2539,1644
exp_random_11.csv,2961,2147,261
exp_random_11.csv,2076,1379,700
exp_random_11.csv,846,789,1489
exp_random_11.csv,3558,8583,284
exp_random_11.csv,368,678,3983
exp_random_11.csv,772,324,1353
exp_random_11.csv,678,3983,368
exp_random_11.csv,1586,4789,1273
exp_random_11.csv,651,1877,3000
exp_random_11.csv,1246,1537,3482
exp_random_11.csv,2152,504,1530
exp_random_11.csv,1960,2261,1879
exp_random_11.csv,10238,5986,98
exp_random_11.csv,10823,1431,602
exp_random_11.csv,405,989,7482
exp_random_11.csv,6891,742,1304
exp_random_11.csv,1442,809,4568
exp_random_11.csv,651,3000,1877
exp_random_11.csv,1938,2471,1739
exp_random_11.csv,1078,2752,1122
exp_random_11.csv,7952,1068,943
exp_random_11.csv,1992,2917,1204
exp_random_11.csv,1406,1881,1008
exp_random_11.csv,896,8744,1107
exp_random_11.csv,1889,2189,1774
exp_random_11.csv,492,907,8947
exp_random_11.csv,6860,1221,796
exp_random_11.csv,1941,487,4946
exp_random_11.csv,5565,3075,331
exp_random_11.csv,1960,1879,2261
exp_random_11.csv,2,2,2
exp_random_11.csv,1265,799,983
exp_random_11.csv,602,1431,10823
exp_random_11.csv,1739,1938,2471
exp_random_11.csv,12169,769,819
exp_random_11.csv,907,8947,492
exp_random_11.csv,1238,4715,628
exp_random_11.csv,2591,1419,815
exp_random_11.csv,4707,1379,1387
exp_random_11.csv,6474,249,1859
exp_random_11.csv,1877,651,3000
exp_random_11.csv,8931,615,606
exp_random_11.csv,569,193,5986
exp_random_11.csv,4568,809,1442
exp_random_11.csv,648,350,1493
exp_random_11.csv,11909,22,10174
exp_random_11.csv,5575,2828,571
exp_random_11.csv,4569,2766,792
exp_random_11.csv,1530,1676,647
exp_random_11.csv,1173,2564,1438
exp_random_11.csv,6425,987,1103
exp_random_11.csv,7482,405,989
exp_random_11.csv,324,772,1353
exp_random_11.csv,1229,3730,1020
exp_random_11.csv,2048,2048,2048
exp_random_11.csv,1442,4568,809
exp_random_11.csv,251,3393,1561
exp_random_11.csv,663,453,14400
exp_random_11.csv,1182,4815,760
exp_random_11.csv,1236,975,4422
exp_random_11.csv,2170,8224,411
exp_random_11.csv,390,1124,3033
exp_random_11.csv,987,6425,1103
exp_random_11.csv,1068,943,7952
exp_random_11.csv,2189,1889,1774
exp_random_11.csv,4946,1941,487
exp_random_11.csv,1379,4707,1387
exp_random_11.csv,1236,4422,975
exp_random_11.csv,1771,1231,3515
exp_random_11.csv,10823,602,1431
exp_random_11.csv,1347,887,1951
exp_random_11.csv,799,983,1265
exp_random_11.csv,4569,792,2766
exp_random_11.csv,958,2876,2539
exp_random_11.csv,2844,736,314
exp_random_11.csv,3952,770,2080
exp_random_11.csv,1561,3393,251
exp_random_11.csv,907,4764,924
exp_random_11.csv,1071,297,2067
exp_random_11.csv,1353,324,772
exp_random_11.csv,924,907,4764
exp_random_11.csv,128,6233,4172
exp_random_11.csv,1919,1644,2539
exp_random_11.csv,6474,1859,249
exp_random_11.csv,799,1265,983
exp_random_11.csv,1008,7657,820
exp_random_11.csv,647,1676,1530
exp_random_11.csv,3310,793,3552
exp_128_21.csv,5982,6523,128
exp_128_21.csv,5613,12061,128
exp_128_21.csv,1779,11681,128
exp_128_21.csv,4175,14957,128
exp_128_21.csv,6168,12668,128
exp_128_21.csv,2581,7090,128
exp_128_21.csv,14142,4787,128
exp_128_21.csv,4243,10425,128
exp_128_21.csv,8518,2743,128
exp_128_21.csv,4770,9835,128
exp_128_21.csv,11087,3284,128
exp_128_21.csv,5179,14592,128
exp_128_21.csv,13584,1720,128
exp_128_21.csv,14117,3875,128
exp_128_21.csv,1273,6076,128
exp_128_21.csv,7731,6728,128
exp_128_21.csv,4188,3731,128
exp_128_21.csv,5820,6256,128
exp_128_21.csv,2566,11144,128
exp_128_21.csv,12886,6064,128
exp_128_21.csv,1693,12274,128
exp_128_21.csv,10939,5241,128
exp_128_21.csv,2533,12311,128
exp_128_21.csv,3,3,3
exp_128_21.csv,5323,7825,128
exp_128_21.csv,4,4,4
exp_128_21.csv,13889,4496,128
exp_128_21.csv,4993,8342,128
exp_128_21.csv,6287,8701,128
exp_128_21.csv,12866,5063,128
exp_128_21.csv,10425,4243,128
exp_128_21.csv,7298,4273,128
exp_128_21.csv,12311,2533,128
exp_128_21.csv,2007,7786,128
exp_128_21.csv,6728,7731,128
exp_128_21.csv,12274,1693,128
exp_128_21.csv,10608,3190,128
exp_128_21.csv,5063,12866,128
exp_128_21.csv,6345,4507,128
exp_128_21.csv,9185,3684,128
exp_128_21.csv,15181,3943,128
exp_128_21.csv,2321,10067,128
exp_128_21.csv,4708,5532,128
exp_128_21.csv,9132,6278,128
exp_128_21.csv,10480,3474,128
exp_128_21.csv,10662,2682,128
exp_128_21.csv,8374,8391,128
exp_128_21.csv,2135,2430,128
exp_128_21.csv,6899,7167,128
exp_128_21.csv,11681,1779,128
exp_128_21.csv,7083,6623,128
exp_128_21.csv,3243,3995,128
exp_128_21.csv,5525,5644,128
exp_128_21.csv,2348,2210,128
exp_128_21.csv,9168,4256,128
exp_128_21.csv,2536,4104,128
exp_128_21.csv,3875,14117,128
exp_128_21.csv,2,2,2
exp_128_21.csv,5139,3561,128
exp_128_21.csv,1057,4909,128
exp_128_21.csv,14236,3473,128
exp_128_21.csv,10257,3299,128
exp_128_21.csv,7679,7466,128
exp_128_21.csv,4273,7298,128
exp_128_21.csv,4787,14142,128
exp_128_21.csv,12061,5613,128
exp_128_21.csv,5185,11545,128
exp_128_21.csv,3474,10480,128
exp_128_21.csv,12850,1216,128
exp_128_21.csv,10103,5925,128
exp_128_21.csv,5223,1481,128
exp_128_21.csv,5212,13990,128
exp_128_21.csv,7454,5235,128
exp_128_21.csv,10067,2321,128
exp_128_21.csv,3731,4188,128
exp_128_21.csv,5792,12589,128
exp_128_21.csv,6623,7083,128
exp_128_21.csv,5644,5525,128
exp_128_21.csv,14592,5179,128
exp_128_21.csv,7167,6899,128
exp_128_21.csv,6064,12886,128
exp_128_21.csv,3561,5139,128
exp_128_21.csv,9966,7583,128
exp_128_21.csv,6746,1543,128
exp_128_21.csv,4932,4213,128
exp_128_21.csv,1268,6100,128
exp_128_21.csv,10150,5125,128
exp_128_21.csv,7210,6135,128
exp_128_21.csv,7466,7679,128
exp_128_21.csv,2654,3922,128
exp_128_21.csv,3299,10257,128
exp_128_21.csv,7624,8880,128
exp_128_21.csv,1,1,1
exp_128_21.csv,12668,6168,128
exp_128_21.csv,760,3368,128
exp_128_21.csv,8687,8089,128
exp_128_21.csv,2048,2048,2048
exp_128_21.csv,5194,5014,128
exp_128_21.csv,4254,4302,128
exp_128_21.csv,4909,1057,128
exp_128_21.csv,11882,3948,128
exp_128_21.csv,1216,12850,128
exp_128_21.csv,11545,5185,128
exp_128_21.csv,6401,9756,128
exp_128_21.csv,13387,5249,128
exp_128_21.csv,3473,14236,128
exp_128_21.csv,11583,5624,128
exp_128_21.csv,5235,7454,128
exp_128_21.csv,13592,5560,128
exp_128_21.csv,8342,4993,128
exp_128_21.csv,5560,13592,128
exp_128_21.csv,6666,3907,128
exp_128_21.csv,6523,5982,128
exp_128_21.csv,2743,8518,128
exp_128_21.csv,12528,4152,128
exp_128_21.csv,4302,4254,128
exp_128_21.csv,8089,8687,128
exp_128_21.csv,8391,8374,128
exp_128_21.csv,9709,8048,128
exp_128_21.csv,2430,2135,128
exp_128_21.csv,3948,11882,128
exp_128_21.csv,4525,10926,128
exp_128_21.csv,6076,1273,128
exp_128_21.csv,2682,10662,128
exp_128_21.csv,6084,10707,128
exp_128_21.csv,6278,9132,128
exp_128_21.csv,2212,1157,128
exp_128_21.csv,1442,1775,128
exp_128_21.csv,7786,2007,128
exp_128_21.csv,5532,4708,128
exp_128_21.csv,8701,6287,128
exp_128_21.csv,4152,12528,128
exp_128_21.csv,4213,4932,128
exp_128_21.csv,6100,1268,128
exp_128_21.csv,5241,10939,128
exp_128_21.csv,4496,13889,128
exp_128_21.csv,3196,4054,128
exp_128_21.csv,7090,2581,128
exp_128_21.csv,13990,5212,128
exp_128_21.csv,12589,5792,128
exp_128_21.csv,1543,6746,128
exp_128_21.csv,3190,10608,128
exp_128_21.csv,4054,3196,128
exp_128_21.csv,6857,10634,128
exp_128_21.csv,8880,7624,128
exp_128_21.csv,4104,2536,128
exp_128_21.csv,4256,9168,128
exp_128_21.csv,4118,13284,128
exp_128_21.csv,1157,2212,128
exp_128_21.csv,3368,760,128
exp_128_21.csv,10634,6857,128
exp_128_21.csv,6068,7289,128
exp_128_21.csv,8048,9709,128
exp_128_21.csv,7825,5323,128
exp_128_21.csv,5925,10103,128
exp_128_21.csv,1775,1442,128
exp_128_21.csv,14957,4175,128
exp_128_21.csv,1481,5223,128
exp_128_21.csv,3907,6666,128
exp_128_21.csv,3943,15181,128
exp_128_21.csv,10707,6084,128
exp_128_21.csv,13284,4118,128
exp_128_21.csv,5014,5194,128
exp_128_21.csv,3284,11087,128
exp_128_21.csv,7583,9966,128
exp_128_21.csv,11144,2566,128
exp_128_21.csv,1720,13584,128
exp_128_21.csv,2210,2348,128
exp_128_21.csv,5249,13387,128
exp_128_21.csv,5624,11583,128
exp_128_21.csv,9756,6401,128
exp_128_21.csv,3995,3243,128
exp_128_21.csv,3300,3926,128
exp_128_21.csv,10191,4087,128
exp_128_21.csv,3922,2654,128
exp_128_21.csv,5125,10150,128
exp_128_21.csv,4087,10191,128
exp_128_21.csv,3684,9185,128
exp_128_21.csv,7289,6068,128
exp_128_21.csv,6256,5820,128
exp_128_21.csv,3926,3300,128
exp_128_21.csv,9835,4770,128
exp_128_21.csv,10926,4525,128
exp_128_21.csv,6135,7210,128
exp_128_21.csv,4507,6345,128
exp_512_15.csv,2587,5536,512
exp_512_15.csv,2820,3691,512
exp_512_15.csv,4906,2258,512
exp_512_15.csv,1609,10933,512
exp_512_15.csv,2436,3749,512
exp_512_15.csv,10485,1737,512
exp_512_15.csv,4147,3300,512
exp_512_15.csv,1588,4520,512
exp_512_15.csv,731,7133,512
exp_512_15.csv,1432,11814,512
exp_512_15.csv,4625,4084,512
exp_512_15.csv,8549,1979,512
exp_512_15.csv,1501,1311,512
exp_512_15.csv,1079,2407,512
exp_512_15.csv,2196,2664,512
exp_512_15.csv,11264,1098,512
exp_512_15.csv,564,4606,512
exp_512_15.csv,2258,3750,512
exp_512_15.csv,9252,1548,512
exp_512_15.csv,3191,2862,512
exp_512_15.csv,2038,8632,512
exp_512_15.csv,3379,5206,512
exp_512_15.csv,833,789,512
exp_512_15.csv,1,1,1
exp_512_15.csv,3014,3242,512
exp_512_15.csv,3553,5316,512
exp_512_15.csv,4819,1622,512
exp_512_15.csv,296,11018,512
exp_512_15.csv,1737,10485,512
exp_512_15.csv,5316,3553,512
exp_512_15.csv,620,12607,512
exp_512_15.csv,1872,9037,512
exp_512_15.csv,4422,3678,512
exp_512_15.csv,1628,11187,512
exp_512_15.csv,7568,1722,512
exp_512_15.csv,5542,1173,512
